1 1237504 1
1 1376455 1
1 2313362 1
1 3341441 1
1 3481975 1
1 3535755 1
1 4712813 1
1 6169076 1
1 6305285 1
1 6306955 1
1 6464904 1
1 6498260 1
1 6498270 1
1 6535741 1
1 6546704 1
1 6614669 1
1 6950128 1
1 7729708 1
1 7963002 1
1 8035511 1
1 8731556 1
1 9023149 1
1 9161790 1
1 9202487 1
1 9241512 1
1 9310286 1
1 9782031 1
1 9785228 1
1 9935105 1
1 10010553 1
1 10398273 1
1 10490430 1
1 10554884 1
1 11002197 1
1 11097837 1
1 11780026 1
1 11954179 1
1 12091496 1
1 12185018 1
1 12269092 1
1 14287069 1
1 15105817 1
1 15373210 1
1 15455199 1
1 15757813 1
1 16118698 1
1 17029823 1
1 17036449 1
1 17036459 1
1 17452428 1
1 17662778 1
1 17933525 1
1 18561451 1
1 18924082 1
1 19147444 1
1 19201898 1
1 19239707 1
1 20042277 1
1 20244678 1
1 20849001 1
1 21023081 1
1 21023094 1
1 21023126 1
1 21581879 1
1 21596866 1
1 22432315 1
1 22743261 1
1 22968699 1
1 23425398 1
1 23964097 1
1 24077978 1
1 24098801 1
1 24913891 1
1 25174586 1
1 25428101 1
1 26123502 1
1 26560437 1
1 27115835 1
1 27371204 1
1 27524598 1
1 27611347 1
1 27715075 1
1 27743199 1
1 27933051 1
1 27989849 1
1 27995816 1
1 28844691 1
1 29203881 1
1 29529558 1
1 31192245 1
1 31252618 1
1 31402432 1
1 31635702 1
1 31895763 1
1 32211408 1
1 32429881 1
1 32866609 1
1 33520914 1
1 33560790 1
1 33761266 1
1 33833549 1
1 33921609 1
1 34078665 1
1 34098794 1
1 34100625 1
1 35252235 1
1 35667885 1
1 36600507 1
1 36808483 1
1 37041849 1
1 37953154 1
1 38068912 1
1 38148235 1
1 38492472 1
1 39876768 1
1 40609857 1
1 40804559 1
1 41882938 1
1 41981940 1
1 42612710 1
1 42639178 1
1 43693113 1
1 44229293 1
1 44400595 1
1 44502424 1
1 45118716 1
1 46035914 1
1 46689319 1
1 46993879 1
1 47191099 1
1 47641197 1
1 48204451 1
1 48463450 1
1 50814559 1
1 51169904 1
1 53152086 1
1 53166740 1
1 54547516 1
1 54587410 1
1 54955249 1
1 54955252 1
1 55137881 1
1 57269425 1
1 61515735 1
1 61919232 1
1 62548596 1
1 62610099 1
1 63793434 1
1 65290052 1
1 67966311 1
1 68001263 1
1 68231970 1
1 68808616 1
1 74970010 1
1 76619989 1
1 87299461 1
1 91187157 1
1 93284075 1
1 95320129 1
1 100929444 1
1 101704483 1
1 109806373 1
1 110033417 1
1 110036619 1
1 110183029 1
1 110319638 1
1 110527211 1
1 110527213 1
1 110554415 1
1 110572381 1
1 110739712 1
1 110745789 1
1 110855393 1
1 111308860 1
1 111765663 1
1 112901596 1
1 113008931 1
1 113250099 1
1 113259071 1
1 113352014 1
1 114825618 1
1 116350552 1
1 116681833 1
1 120092440 1
1 120154417 1
1 120286882 1
1 120351776 1
1 120491431 1
1 145059153 1
1 145457403 1
1 145713753 1
1 147172238 1
1 147172241 1
1 149204449 1
1 149764171 1
1 149860146 1
1 150532570 1
1 150533559 1
1 150594178 1
1 151043697 1
1 151707712 1
1 151809097 1
1 151974381 1
1 151986306 1
1 152158235 1
1 152158237 1
1 152319797 1
1 152842485 1
1 153650341 1
1 153919225 1
1 153959384 1
1 154297234 1
1 154317895 1
1 154532158 1
1 155034153 1
1 155057338 1
1 155064095 1
1 155140523 1
1 155145855 1
1 155959352 1
1 156066579 1
1 156100290 1
1 156589317 1
1 156808864 1
1 156830057 1
1 156862237 1
1 156897760 1
1 157044213 1
1 157133618 1
1 157459344 1
1 157961928 1
1 159167954 1
1 159906381 1
1 159976304 1
1 160048583 1
1 160055584 1
1 160070951 1
1 160163057 1
1 160346493 1
1 160967293 1
1 161162474 1
1 163041767 1
1 163379951 1
1 165083715 1
1 165336812 1
1 165362306 1
1 165894110 1
1 165897517 1
1 167036039 1
1 167411571 1
1 167503217 1
1 167657340 1
1 168051672 1
1 171454526 1
1 172413294 1
1 172419237 1
1 172711933 1
1 175115878 1
1 175121345 1
1 177150992 1
1 178471061 1
1 178972000 1
1 180148152 1
1 181135901 1
1 183885295 1
1 184774893 1
1 184951462 1
1 186181949 1
1 197893838 1
1 199212770 1
1 200941262 1
1 201330950 1
1 201354605 1
1 201377516 1
1 201451375 1
1 201482249 1
1 201673508 1
1 201762342 1
1 202104488 1
1 202158232 1
1 202162136 1
1 202284914 1
1 202594733 1
1 203008633 1
1 203238380 1
1 203307734 1
1 203671412 1
1 203830567 1
1 204098343 1
1 204131801 1
1 204227691 1
1 204332971 1
1 204367858 1
1 204400634 1
1 205030889 1
1 205091485 1
1 205304896 1
1 205457418 1
1 205498259 1
1 205561127 1
1 205626861 1
1 205888281 1
1 206663593 1
1 206718303 1
1 207038454 1
1 207086032 1
1 208042569 1
1 208042595 1
1 208267293 1
1 208418768 1
1 208825840 1
1 209527843 1
1 209739596 1
1 209742973 1
1 209750248 1
1 209801176 1
1 211432416 1
1 211643589 1
1 211828731 1
1 212650671 1
1 213547828 1
1 214435033 1
1 214506457 1
1 220853595 1
1 220906599 1
1 221376992 1
1 223263597 1
1 223297234 1
1 223307185 1
1 224832443 1
1 226033673 1
1 226252688 1
1 226735568 1
1 228353434 1
1 228800321 1
1 229797188 1
1 231227876 1
1 231451728 1
1 235267677 1
1 242181107 1
1 244436515 1
1 244462938 1
1 244964656 1
2 3427854 1
2 7343273 1
2 8826062 1
2 9280021 1
2 11264784 1
2 11272912 1
2 11828724 1
2 12003934 1
2 13071536 1
2 13147223 1
2 18559497 1
2 18701974 1
2 20298113 1
2 20335566 1
2 20526107 1
2 20842335 1
2 25584979 1
2 25923197 1
2 26692155 1
2 26692157 1
2 26800871 1
2 26968787 1
2 27069338 1
2 27165658 1
2 27184763 1
2 27239912 1
2 27946341 1
2 28675532 1
2 30338738 1
2 31085097 1
2 31393146 1
2 31556631 1
2 33598214 1
2 33666491 1
2 37012511 1
2 37395710 1
2 38342567 1
2 38763405 1
2 38763407 1
2 39174975 1
2 39174977 1
2 41926134 1
2 42067943 1
2 42097043 1
2 42740567 1
2 43056165 1
2 43174168 1
2 44706719 1
2 45182945 1
2 45870972 1
2 46163706 1
2 46592208 1
2 47146183 1
2 47995218 1
2 48333854 1
2 48648054 1
2 50629684 1
2 57948139 1
2 60809116 1
2 62684252 1
2 63416262 1
2 65144946 1
2 65267980 1
2 65414575 1
2 65780575 1
2 66656334 1
2 69787010 1
2 69941972 1
2 69951960 1
2 70531207 1
2 70568494 1
2 70844913 1
2 70875196 1
2 71089151 1
2 72098900 1
2 72364776 1
2 73120015 1
2 73120935 1
2 73200918 1
2 73391072 1
2 74426322 1
2 74477418 1
2 74477420 1
2 74562163 1
2 74619268 1
2 74710474 1
2 74710477 1
2 74942314 1
2 75292250 1
2 75292252 1
2 75631269 1
2 75867840 1
2 84530224 1
2 85512771 1
2 86041511 1
2 86054700 1
2 87035656 1
2 88360076 1
2 88650659 1
2 89039713 1
2 91815210 1
2 95742654 1
2 96011451 1
2 96011454 1
2 96055078 1
2 97073256 1
2 97173960 1
2 97534833 1
2 98357150 1
2 98423372 1
2 100859580 1
2 100997828 1
2 101223489 1
2 102972212 1
2 103059888 1
2 103089574 1
2 103457894 1
2 105854585 1
2 106721012 1
2 110267887 1
2 113699510 1
2 113896153 1
2 113961669 1
2 114006930 1
2 118572068 1
2 118761099 1
2 120165467 1
2 120399302 1
2 120399327 1
2 120399329 1
2 120460595 1
2 121070917 1
2 121438036 1
2 122476493 1
2 127535139 1
2 127729755 1
2 128991271 1
2 129494354 1
2 131555726 1
2 131631469 1
2 133106856 1
2 134602042 1
2 135003133 1
2 136467646 1
2 136467648 1
2 136555238 1
2 151908314 1
2 153032574 1
2 158184232 1
2 158192847 1
2 165871733 1
2 169998467 1
2 171218022 1
2 171672417 1
2 173836931 1
2 176962491 1
2 178013830 1
2 178199871 1
2 178469368 1
2 178589587 1
2 178977088 1
2 180990415 1
2 181845497 1
2 182331557 1
2 183628232 1
2 190008051 1
2 190008056 1
2 192555857 1
2 200353712 1
2 200604725 1
2 201346318 1
2 201577851 1
2 202042271 1
2 202725462 1
2 204647217 1
2 207665419 1
2 209119193 1
2 212022771 1
2 212610223 1
2 214018583 1
2 216878337 1
2 216887959 1
2 216898890 1
2 217268914 1
2 217547372 1
2 218578395 1
2 218853428 1
2 218858768 1
2 219712553 1
2 219717743 1
2 219741519 1
2 219938298 1
2 219969037 1
2 220024970 1
2 220159739 1
2 220374579 1
2 220395072 1
2 220554593 1
2 223555462 1
2 223573151 1
2 224592401 1
2 226525364 1
2 231917769 1
2 231917772 1
2 232539716 1
2 232542525 1
2 232578703 1
2 232665437 1
2 233006960 1
2 233191990 1
2 233305443 1
2 233309317 1
2 234620252 1
2 235044487 1
2 235453754 1
2 239693821 1
2 239892359 1
2 239957155 1
2 239957157 1
2 241083382 1
2 241377858 1
2 241453440 1
2 242820329 1
2 242893134 1
3 8281604 1
3 8664779 1
3 8705340 1
3 9545076 1
3 11278476 1
3 11888452 1
3 12217529 1
3 13133834 1
3 13537957 1
3 13689937 1
3 13692136 1
3 14245135 1
3 14675517 1
3 14967341 1
3 15149772 1
3 15244372 1
3 15309627 1
3 17882908 1
3 20381996 1
3 24279705 1
3 27399353 1
3 27700858 1
3 27753727 1
3 28709336 1
3 30735201 1
3 32185795 1
3 32338385 1
3 32823138 1
3 33829091 1
3 37821236 1
3 37897055 1
3 38008971 1
3 38016318 1
3 38521522 1
3 38537743 1
3 38563073 1
3 39231471 1
3 40220639 1
3 40626213 1
3 42589106 1
3 42785944 1
3 44955574 1
3 45252229 1
3 45252231 1
3 45701685 1
3 45980446 1
3 46420039 1
3 46746679 1
3 46908415 1
3 46951212 1
3 47462705 1
3 47879357 1
3 48236098 1
3 48586351 1
3 48595772 1
3 48777540 1
3 49577291 1
3 49709316 1
3 49741061 1
3 49943914 1
3 50159162 1
3 50230220 1
3 50311902 1
3 50580054 1
3 50609718 1
3 50651692 1
3 51703467 1
3 52008117 1
3 52157325 1
3 52254619 1
3 52854970 1
3 53230115 1
3 53744381 1
3 54864896 1
3 56337824 1
3 57134318 1
3 57204358 1
3 58203088 1
3 58616032 1
3 58626530 1
3 66872894 1
3 66988974 1
3 71779179 1
3 73150405 1
3 79135774 1
3 99218233 1
3 99973213 1
3 101948090 1
3 102392533 1
3 108634062 1
3 111830837 1
3 113871452 1
3 115503517 1
3 115538781 1
3 118603702 1
3 118603704 1
3 120136204 1
3 122473878 1
3 122661912 1
3 123438146 1
3 123442594 1
3 123698810 1
3 124187234 1
3 124407874 1
3 124620344 1
3 125156834 1
3 125156836 1
3 125917255 1
3 126241305 1
3 127294001 1
3 128514066 1
3 128689292 1
3 129035590 1
3 129995206 1
3 131513798 1
3 132378318 1
3 134027399 1
3 134474173 1
3 136471253 1
3 136751455 1
3 137837912 1
3 139048357 1
3 141179140 1
3 155524055 1
3 155524076 1
3 155524088 1
3 155524108 1
3 156799687 1
3 158445736 1
3 158563734 1
3 159724515 1
3 164903697 1
3 167458965 1
3 167758594 1
3 172468333 1
3 181418424 1
3 181420058 1
3 183613205 1
3 183945358 1
3 183968226 1
3 184072254 1
3 184135815 1
3 184231704 1
3 184495735 1
3 184495737 1
3 185026092 1
3 186332830 1
3 186335016 1
3 187432376 1
3 187465953 1
3 189679517 1
3 192185232 1
3 194033634 1
3 194064836 1
3 194193211 1
3 194827325 1
3 195642075 1
3 197326075 1
4 1124537 1
4 1728154 1
4 1811828 1
4 3445372 1
4 3482419 1
4 4997022 1
4 5814864 1
4 6000233 1
4 6266089 1
4 6329184 1
4 6333959 1
4 6722158 1
4 6875870 1
4 7072673 1
4 8269085 1
4 8470663 1
4 8919897 1
4 10166645 1
4 13658291 1
4 15958068 1
4 27012158 1
4 37604810 1
4 38181457 1
4 38677339 1
4 38732932 1
4 39978227 1
4 39978237 1
4 40311422 1
4 40899802 1
4 41216754 1
4 41216759 1
4 41663665 1
4 41884971 1
4 48965234 1
4 55084151 1
4 55100597 1
4 56814939 1
4 57167836 1
4 68193163 1
4 69241853 1
4 69364318 1
4 71371052 1
4 76989001 1
4 77973619 1
4 78161834 1
4 78306719 1
4 82272998 1
4 88894929 1
4 89300164 1
4 89580698 1
4 99977378 1
4 100870301 1
4 101017360 1
4 103968023 1
4 106395278 1
4 129375593 1
4 129784824 1
4 140452179 1
4 140572936 1
4 140572938 1
4 150185512 1
4 151130744 1
4 151164217 1
4 152020633 1
4 152284021 1
4 152284034 1
4 154006501 1
4 154006503 1
4 156275278 1
4 159651296 1
4 168544057 1
4 169845034 1
4 171059936 1
4 174338356 1
4 183859443 1
4 185667097 1
4 185961111 1
4 186518934 1
4 186942914 1
5 431245 1
5 923703 1
5 10628190 1
5 32329654 1
5 33970136 1
5 35003652 1
5 35617899 1
5 35925187 1
5 36690585 1
5 36876116 1
5 38265842 1
5 40905002 1
5 42057533 1
5 42889617 1
5 50047070 1
5 53513892 1
5 55497135 1
5 56434112 1
5 56795419 1
5 57756773 1
5 58470257 1
5 65602386 1
5 68389642 1
5 68630772 1
5 72989553 1
5 75471075 1
5 76440538 1
5 78317019 1
5 79154136 1
5 87976417 1
5 94073770 1
5 94980198 1
5 107009536 1
5 107596457 1
5 110494006 1
5 121751394 1
5 127537215 1
5 129188635 1
5 129188637 1
5 131400564 1
5 131516024 1
5 131608614 1
5 131755513 1
5 132219122 1
5 132447085 1
5 133375412 1
5 133913655 1
5 134240390 1
5 134887720 1
5 134902046 1
5 137785827 1
5 137915140 1
5 137977700 1
5 138598516 1
5 139013053 1
5 139145218 1
5 139243854 1
5 139348576 1
5 139536892 1
5 139536894 1
5 139619629 1
5 140699893 1
5 140971776 1
5 141044733 1
5 141258919 1
5 141990816 1
5 142246769 1
5 143204872 1
5 146345800 1
5 146568573 1
5 146833604 1
5 147007818 1
5 148110666 1
5 148415035 1
5 148747216 1
5 148814202 1
5 149232765 1
5 149509676 1
5 149541359 1
5 149838577 1
5 150495052 1
5 150505871 1
5 150880467 1
5 151031771 1
5 151205111 1
5 156904135 1
5 157189173 1
5 158943032 1
5 159626523 1
5 159772528 1
5 159865554 1
5 162835644 1
5 163931358 1
5 168374456 1
5 169611252 1
5 169848011 1
5 170065891 1
5 170769557 1
5 171906188 1
5 172124693 1
5 172140208 1
5 172143974 1
5 173000262 1
5 173400351 1
5 174363072 1
5 174378359 1
5 176085199 1
5 176539039 1
5 176541061 1
5 176736870 1
5 176883536 1
5 177591363 1
5 177662213 1
5 179190325 1
6 1382227 1
6 1397406 1
6 1397408 1
6 1437096 1
6 1604753 1
6 2634877 1
6 2989403 1
6 3742799 1
6 3748681 1
6 4211038 1
6 5057530 1
6 5471381 1
6 12638457 1
6 13336901 1
6 13575631 1
6 16317071 1
6 16410096 1
6 16514749 1
6 16965304 1
6 17804597 1
6 21589656 1
6 24521371 1
6 24581498 1
6 25266096 1
6 25992885 1
6 26420992 1
6 26573016 1
6 27863463 1
6 29557405 1
6 29815996 1
6 30098993 1
6 30450023 1
6 30640924 1
6 30690579 1
6 31566531 1
6 31737733 1
6 31856711 1
6 32381405 1
6 32806617 1
6 33116033 1
6 33393841 1
6 33557608 1
6 33600477 1
6 33668423 1
6 33736517 1
6 35295419 1
6 35551774 1
6 35704246 1
6 36091789 1
6 36308918 1
6 36591391 1
6 36648395 1
6 36734105 1
6 36986123 1
6 37019419 1
6 37271875 1
6 37293711 1
6 37452146 1
6 37621875 1
6 37759413 1
6 39315793 1
6 39329958 1
6 40276618 1
6 41336757 1
6 41559902 1
6 41570979 1
6 41651497 1
6 41703370 1
6 41743818 1
6 42629481 1
6 42844990 1
6 43422413 1
6 43474630 1
6 43576211 1
6 43635145 1
6 43737372 1
6 44042459 1
6 44140621 1
6 44189451 1
6 44202056 1
6 44235932 1
6 44281135 1
6 45898354 1
6 46823883 1
6 47277795 1
6 47755961 1
6 52128707 1
6 53593571 1
6 56709126 1
6 56820133 1
6 70506935 1
6 70506952 1
6 71079233 1
6 71665811 1
6 71665813 1
6 76644811 1
6 80579487 1
6 80924331 1
6 83765274 1
6 83767640 1
6 86033336 1
6 86192990 1
6 90081950 1
6 97634477 1
6 97885046 1
6 100449968 1
6 106787393 1
6 107014578 1
6 107349320 1
6 107639526 1
6 108848069 1
6 109103696 1
6 111580373 1
6 112350604 1
6 112365052 1
6 116433273 1
6 116433284 1
6 127587704 1
6 130073176 1
6 130644012 1
6 133258692 1
6 135144257 1
6 137397853 1
6 138026635 1
6 138912211 1
6 139137372 1
6 139137375 1
6 143748534 1
6 148786069 1
6 149753312 1
6 151139142 1
6 151645553 1
6 151656153 1
6 151797234 1
6 153552361 1
6 158294956 1
6 158635372 1
6 159555948 1
6 164377849 1
6 166689355 1
6 166814482 1
6 167188857 1
6 170839098 1
7 913137 1
7 1032975 1
7 1222818 1
7 2286966 1
7 2710728 1
7 2904838 1
7 4793695 1
7 5125248 1
7 5279997 1
7 5526697 1
7 5717828 1
7 6388747 1
7 12428919 1
7 17746558 1
7 17809655 1
7 18705941 1
7 22143515 1
7 23312855 1
7 23586794 1
7 23586796 1
7 23736771 1
7 25109775 1
7 25134031 1
7 28118092 1
7 29961233 1
7 30315915 1
7 31023390 1
7 31162399 1
7 34360724 1
7 35560025 1
7 35577215 1
7 35956773 1
7 36024958 1
7 36358830 1
7 36710622 1
7 38147213 1
7 43301052 1
7 43878631 1
7 44058836 1
7 44121999 1
7 44280750 1
7 45894064 1
7 48149941 1
7 51228912 1
7 71198444 1
7 71201128 1
7 73140243 1
7 73270052 1
7 73441315 1
7 73482339 1
7 73482341 1
7 73621084 1
7 73689796 1
7 73831899 1
7 73864441 1
7 75495963 1
7 75807616 1
7 75892441 1
7 75943731 1
7 76067374 1
7 84816199 1
7 84816219 1
7 86941774 1
7 92076659 1
7 93072234 1
7 96694481 1
7 98062802 1
7 98375216 1
7 98963329 1
7 99591977 1
7 99730429 1
7 100157577 1
7 100161697 1
7 100721048 1
7 100813241 1
7 100835956 1
7 100887660 1
7 100926447 1
7 101182269 1
7 101186273 1
7 101922931 1
7 102031367 1
7 103872057 1
7 105292985 1
7 105697560 1
7 116570665 1
7 123221078 1
7 124425432 1
7 128027924 1
7 128066015 1
7 128482230 1
7 128731734 1
7 128803951 1
7 129247778 1
7 129712173 1
7 130667103 1
7 131198471 1
7 131374067 1
7 131376986 1
7 132265661 1
7 133701620 1
7 133826211 1
7 134043179 1
7 134043181 1
7 134199518 1
7 134409552 1
7 135357754 1
7 136091135 1
7 137584041 1
7 137584077 1
7 137687238 1
7 141349894 1
7 142135252 1
7 142148409 1
7 142219192 1
7 142334125 1
7 142340216 1
7 142491312 1
7 142551808 1
7 142705190 1
7 142912324 1
7 142912327 1
7 142912381 1
7 148763065 1
7 148763068 1
7 148823473 1
7 148936665 1
7 149439437 1
7 150821161 1
7 155531539 1
7 157066427 1
7 157180076 1
8 6698336 1
8 8608400 1
8 8608402 1
8 9226679 1
8 10275436 1
8 10282857 1
8 10405755 1
8 10444999 1
8 10786119 1
8 11623147 1
8 11759935 1
8 11816571 1
8 11816573 1
8 12698354 1
8 13519893 1
8 18537959 1
8 20089451 1
8 21995056 1
8 22419516 1
8 22432020 1
8 23153814 1
8 23330033 1
8 24923244 1
8 26428933 1
8 27172960 1
8 27323295 1
8 27449915 1
8 27454844 1
8 27454846 1
8 29197890 1
8 30413541 1
8 30458439 1
8 30776635 1
8 33448636 1
8 37010915 1
8 37557983 1
8 37557985 1
8 38268330 1
8 38572004 1
8 40057341 1
8 41692406 1
8 42547813 1
8 42948592 1
8 49084874 1
8 54500799 1
8 55464411 1
8 56923334 1
8 56972866 1
8 57154663 1
8 58256062 1
8 59307948 1
8 62008837 1
8 62380244 1
8 65341656 1
8 72930963 1
8 73856434 1
8 74086707 1
8 75000534 1
8 80597016 1
8 80677639 1
8 80997443 1
8 81595353 1
8 82503293 1
8 82692912 1
8 86133027 1
8 87631413 1
8 95003715 1
8 95284754 1
8 95369499 1
8 97340398 1
8 100872187 1
8 101271317 1
8 103597594 1
8 103823267 1
8 103827025 1
8 104385617 1
8 105772080 1
8 109735338 1
8 119756033 1
8 121135893 1
8 121821035 1
8 123584733 1
8 123651291 1
8 123745984 1
8 124034832 1
8 124934831 1
8 125605357 1
8 127889004 1
8 130548208 1
8 130838633 1
8 141477468 1
8 143529029 1
8 143705571 1
8 143716208 1
8 144110880 1
8 144483512 1
8 144513118 1
8 144614448 1
8 145151102 1
8 145693240 1
8 145735234 1
9 4315793 1
9 4759511 1
9 5886287 1
9 13034371 1
9 14428956 1
9 15135352 1
9 15143109 1
9 33375090 1
9 33403534 1
9 33452954 1
9 33466806 1
9 33722302 1
9 34379515 1
9 34500831 1
9 34548179 1
9 34591862 1
9 34612981 1
9 34634057 1
9 34664477 1
9 34760641 1
9 35051573 1
9 35477429 1
9 35554138 1
9 35646927 1
9 35646930 1
9 36023617 1
9 36729096 1
9 36873465 1
9 37904411 1
9 71614733 1
9 71838639 1
9 72287958 1
9 74640077 1
9 74640091 1
9 74654056 1
9 77388992 1
9 80071939 1
9 80073103 1
9 80650511 1
9 81217055 1
9 88649988 1
9 91616075 1
9 92218082 1
9 94496843 1
9 94520876 1
9 94902747 1
9 95397173 1
9 95478959 1
9 95527789 1
9 95766172 1
9 97545508 1
9 97890098 1
9 98980617 1
9 100361153 1
9 100652420 1
9 101077994 1
9 101538314 1
9 102029007 1
9 107625699 1
9 110103640 1
9 111524255 1
9 112007000 1
9 112083408 1
9 112163920 1
9 112232119 1
9 114384365 1
9 116169371 1
9 116354113 1
9 116417864 1
9 116444673 1
9 116844949 1
9 117068290 1
9 117101561 1
9 117168030 1
9 117424569 1
9 123518290 1
9 123975671 1
9 124857711 1
9 124885429 1
9 124885455 1
9 125113035 1
9 125215628 1
9 126112323 1
9 126116517 1
9 126803441 1
9 126889278 1
9 127906037 1
9 128137180 1
9 128320905 1
9 128991328 1
9 129064472 1
9 129320504 1
9 129467715 1
9 129544237 1
9 129622670 1
9 129728281 1
9 130348937 1
9 130632359 1
9 130706154 1
9 131057791 1
9 131690388 1
9 131769197 1
9 131894137 1
9 131905407 1
9 132386611 1
9 132546217 1
9 132869576 1
9 133336733 1
9 133576623 1
9 133922297 1
9 134466737 1
9 135045367 1
9 135111951 1
9 135897906 1
9 136019987 1
9 136023073 1
9 136114649 1
9 136272114 1
9 136658295 1
9 137335345 1
9 138392464 1
9 138495916 1
9 139118135 1
9 139379648 1
9 139622717 1
9 139923991 1
9 139958709 1
9 140131075 1
9 140181564 1
10 557133 1
10 4857638 1
10 11312738 1
10 12944299 1
10 13203356 1
10 13344516 1
10 15627434 1
10 16587334 1
10 21784782 1
10 22839873 1
10 23991996 1
10 24485551 1
10 24608570 1
10 26164685 1
10 27649693 1
10 28917237 1
10 29738124 1
10 29806450 1
10 30024899 1
10 30287443 1
10 30648781 1
10 30929060 1
10 31015899 1
10 34926593 1
10 34926596 1
10 35283782 1
10 43601104 1
10 46962712 1
10 47081149 1
10 48427049 1
10 49423693 1
10 49864478 1
10 50189557 1
10 50801278 1
10 54500795 1
10 54540049 1
10 61569312 1
10 61590571 1
10 65389323 1
10 65389326 1
10 71152464 1
10 71173196 1
10 71267796 1
10 71275571 1
10 71476896 1
10 71718227 1
10 72300420 1
10 72309802 1
10 72518998 1
10 73079453 1
10 73369123 1
10 73456656 1
10 73808452 1
10 74034675 1
10 74100357 1
10 74100370 1
10 74918996 1
10 75639590 1
10 75700538 1
10 76859878 1
10 76990512 1
10 76995822 1
10 79403948 1
10 80962457 1
10 81227341 1
10 81322064 1
10 81806818 1
10 82020585 1
10 82204618 1
10 82422586 1
10 85965538 1
10 88137167 1
10 88345389 1
10 89610711 1
10 90570215 1
10 91020291 1
10 92547850 1
10 94194953 1
10 94603033 1
10 95576102 1
10 96040035 1
10 97190273 1
10 98155878 1
10 98797289 1
10 98970434 1
10 99294722 1
10 99469436 1
10 99519362 1
10 99801389 1
10 99930460 1
10 100069508 1
10 100185639 1
10 101805973 1
10 102098387 1
10 102102301 1
10 102242537 1
10 102295543 1
10 102774215 1
10 102810190 1
10 102855551 1
10 102921682 1
10 103595922 1
10 104163742 1
10 104182615 1
10 104182617 1
10 104263552 1
10 104594879 1
10 105004615 1
10 105245623 1
10 106340737 1
10 106374194 1
10 108384802 1
10 112114248 1
10 112370229 1
10 115145095 1
10 115281142 1
10 118556626 1
10 118976287 1
10 118976331 1
10 120019015 1
10 120219296 1
10 120610175 1
10 120899157 1
10 121446166 1
10 124027766 1
10 124325385 1
10 124739910 1
10 124892679 1
10 125727373 1
10 126077979 1
10 126218875 1
10 126430038 1
10 129809778 1
10 129876943 1
10 129948428 1
10 129948430 1
10 134266814 1
10 134272187 1
10 134468398 1
10 134717933 1
11 1051268 1
11 1224393 1
11 1650214 1
11 1661517 1
11 1903851 1
11 2058291 1
11 2216323 1
11 2442114 1
11 2552792 1
11 2554188 1
11 2913473 1
11 3430141 1
11 3430179 1
11 3862966 1
11 4094113 1
11 4203506 1
11 4658306 1
11 5497639 1
11 6272552 1
11 6337234 1
11 6384487 1
11 6464825 1
11 7464016 1
11 7534532 1
11 8008619 1
11 8214294 1
11 8350494 1
11 8835311 1
11 8936154 1
11 9635794 1
11 10814182 1
11 11049812 1
11 11177709 1
11 12069097 1
11 15792552 1
11 16627931 1
11 16627957 1
11 17085143 1
11 17376212 1
11 17782104 1
11 17994789 1
11 18743783 1
11 18753696 1
11 19281474 1
11 19333068 1
11 20132611 1
11 20375575 1
11 27727610 1
11 32195173 1
11 34196053 1
11 35413956 1
11 35507433 1
11 36287756 1
11 36531894 1
11 36724352 1
11 43333434 1
11 44308041 1
11 44560202 1
11 44749563 1
11 44797139 1
11 45127239 1
11 45676983 1
11 45792954 1
11 45986621 1
11 46330277 1
11 46411118 1
11 46511710 1
11 47174828 1
11 48194580 1
11 57113295 1
11 57117473 1
11 57224979 1
11 57409170 1
11 58292238 1
11 58347202 1
11 58421652 1
11 58826078 1
11 58864796 1
11 58975591 1
11 59961248 1
11 60101699 1
11 60667006 1
11 60897432 1
11 61245312 1
11 61250178 1
11 61406072 1
11 61544133 1
11 61849699 1
11 62078806 1
11 62107850 1
11 62328198 1
11 62380056 1
11 62554168 1
11 62791727 1
11 63920717 1
11 64068639 1
11 64510499 1
11 64535358 1
11 64614760 1
11 64655534 1
11 64661911 1
11 64972415 1
11 65184001 1
11 65278415 1
11 65585861 1
11 65790082 1
11 65835880 1
11 65990321 1
11 66176039 1
11 66246580 1
11 66446153 1
11 66650811 1
11 66743573 1
11 66821499 1
11 67085216 1
11 67118836 1
11 67118846 1
11 68025034 1
11 69485179 1
11 69616488 1
11 70661165 1
11 71511568 1
11 71511606 1
11 71949367 1
11 72125393 1
11 72354246 1
11 72354256 1
11 72542682 1
11 73104804 1
11 73372160 1
11 74734119 1
11 74743206 1
11 74855671 1
11 74959846 1
11 75434400 1
11 75918798 1
11 75920005 1
11 76030009 1
11 76392060 1
11 76432985 1
11 76802378 1
11 77757418 1
11 78509812 1
11 85929696 1
11 86167324 1
11 87063971 1
11 101307453 1
11 102811895 1
11 111317467 1
11 111749837 1
11 111984339 1
11 113160493 1
11 113160495 1
11 114131934 1
11 116562591 1
11 116603615 1
11 116662133 1
11 117678381 1
11 118042518 1
11 118530318 1
11 118798924 1
11 118901753 1
11 118936320 1
11 118965712 1
11 119039415 1
11 119194444 1
11 119979089 1
11 120170868 1
11 120555804 1
11 121065624 1
11 121526872 1
11 122073804 1
11 122073817 1
11 122086301 1
11 122451374 1
11 122667035 1
11 122894012 1
11 123118114 1
11 123447882 1
11 123451451 1
11 123511843 1
11 123582192 1
11 124663774 1
11 124746312 1
11 125274945 1
11 125299192 1
11 125793111 1
11 125812116 1
11 126180562 1
11 128701247 1
11 129234175 1
11 129620936 1
11 130301338 1
11 131544038 1
11 131564898 1
12 262478 1
12 551626 1
12 1227336 1
12 1743950 1
12 1905357 1
12 2166556 1
12 2893353 1
12 3143506 1
12 3182756 1
12 3409233 1
12 3409844 1
12 3913228 1
12 4958356 1
12 4967060 1
12 5112371 1
12 5131803 1
12 5309866 1
12 5854618 1
12 6305015 1
12 6663427 1
12 6934937 1
12 6945037 1
12 6978755 1
12 7033604 1
12 7126281 1
12 7372433 1
12 9895879 1
12 12186458 1
12 12809048 1
12 12966207 1
12 13387175 1
12 13408838 1
12 14017204 1
12 14017206 1
12 14320157 1
12 14339025 1
12 15374429 1
12 25540574 1
12 27295231 1
12 27537119 1
12 32909336 1
12 40501519 1
12 42418189 1
12 45168789 1
12 45342687 1
12 45524756 1
12 45564434 1
12 46122804 1
12 46466094 1
12 48136191 1
12 48173266 1
12 48231564 1
12 48343423 1
12 49012420 1
12 49189800 1
12 49330358 1
12 49382038 1
12 49482217 1
12 49524176 1
12 49629124 1
12 50038508 1
12 50261077 1
12 50469138 1
12 51925878 1
12 52269213 1
12 52374297 1
12 52414712 1
12 52417653 1
12 52515810 1
12 52533485 1
12 52550736 1
12 53273469 1
12 53273894 1
12 53374781 1
12 53607263 1
12 53715469 1
12 53902517 1
12 54383095 1
12 54601759 1
12 54614020 1
12 54688178 1
12 54773575 1
12 54798372 1
12 54973676 1
12 54990414 1
12 55462394 1
12 56324680 1
12 56390072 1
12 57381493 1
12 57633009 1
12 57846872 1
12 57856623 1
12 58015701 1
12 58176468 1
12 58299318 1
12 65091992 1
12 65196179 1
12 67835749 1
12 68617096 1
12 71786513 1
12 75784956 1
12 76552692 1
12 77443739 1
12 79941811 1
12 80580616 1
12 89918593 1
12 89918636 1
12 91720406 1
12 91775987 1
12 92537980 1
12 94496199 1
12 96312451 1
12 99437288 1
12 99437290 1
12 104775796 1
12 105814614 1
12 106751439 1
12 109345099 1
12 109866014 1
12 110213268 1
12 110907111 1
12 111136236 1
12 111375059 1
12 111736819 1
12 111751754 1
12 111834903 1
12 111834938 1
12 112251118 1
12 112825330 1
12 113536317 1
12 113612368 1
12 113750496 1
12 113877517 1
12 116355173 1
12 116504618 1
12 117141193 1
12 117805016 1
12 120087208 1
12 120639146 1
12 120666320 1
12 120763434 1
12 121087177 1
12 121382539 1
12 121668262 1
12 121772749 1
12 121937874 1
12 121990705 1
12 122062684 1
12 122120144 1
12 122214238 1
12 122232245 1
12 122615731 1
12 122675606 1
12 123437041 1
12 123528172 1
12 123722824 1
12 125391507 1
12 125667877 1
12 129267033 1
12 131232866 1
13 20756583 1
13 21069454 1
13 21286923 1
13 21517873 1
13 23594579 1
13 26148774 1
13 26759029 1
13 27056915 1
13 27933531 1
13 27948959 1
13 27950051 1
13 28528174 1
13 28898527 1
13 29370976 1
13 29937327 1
13 30082454 1
13 30687273 1
13 30689311 1
13 31618711 1
13 31998458 1
13 36295265 1
13 37573548 1
13 40517117 1
13 46895944 1
13 50422291 1
13 50422294 1
13 50550978 1
13 51644368 1
13 52389433 1
13 52470597 1
13 53542400 1
13 60971085 1
13 76123507 1
13 81553368 1
13 92001325 1
13 92001328 1
13 92001366 1
13 95014836 1
13 96130951 1
13 97762339 1
13 99097768 1
13 99492559 1
13 100089277 1
13 100089280 1
13 100089334 1
13 100308555 1
13 100568917 1
13 101780298 1
13 103568532 1
13 107188969 1
13 107570567 1
13 107863527 1
13 107863537 1
13 111108409 1
13 111471972 1
13 113529006 1
13 113597206 1
13 114520104 1
13 114992397 1
14 21508434 1
14 21560852 1
14 21945279 1
14 23322433 1
14 23455959 1
14 23525534 1
14 23849330 1
14 24032119 1
14 24399160 1
14 24578203 1
14 24740799 1
14 24777484 1
14 24801546 1
14 24901149 1
14 25179799 1
14 25204302 1
14 25275611 1
14 29226515 1
14 32721479 1
14 34792348 1
14 35876315 1
14 35882651 1
14 35891778 1
14 38344032 1
14 38344042 1
14 50332269 1
14 50787918 1
14 55272704 1
14 55913056 1
14 57046214 1
14 57784139 1
14 60431917 1
14 63855716 1
14 64761749 1
14 64977972 1
14 65227079 1
14 65453494 1
14 65689251 1
14 66537635 1
14 69283578 1
14 69291750 1
14 69310849 1
14 69378494 1
14 69596165 1
14 70041619 1
14 70051888 1
14 70285598 1
14 70480195 1
14 72322317 1
14 72887646 1
14 74100316 1
14 74195618 1
14 74718417 1
14 74791733 1
14 75075765 1
14 75412112 1
14 75413238 1
14 75774681 1
14 76177654 1
14 76853693 1
14 77114235 1
14 77339307 1
14 77342535 1
14 77519769 1
14 81931032 1
14 82456802 1
14 83176779 1
14 88480276 1
14 90701872 1
14 91164108 1
14 91224925 1
14 93685655 1
14 94359472 1
14 94468307 1
14 94603228 1
14 94889997 1
14 94952777 1
14 95909035 1
14 96240849 1
14 96460856 1
14 100413398 1
14 100413400 1
14 100574831 1
14 100844359 1
14 100850202 1
14 102173813 1
14 103241416 1
14 103544788 1
14 103759318 1
14 103966673 1
14 103985074 1
14 104274933 1
14 105363199 1
14 105915140 1
14 105956157 1
14 105994876 1
15 20561809 1
15 29394610 1
15 31507796 1
15 32160231 1
15 32943624 1
15 33993087 1
15 34030087 1
15 34502397 1
15 34659901 1
15 35370877 1
15 36793471 1
15 37176029 1
15 38706754 1
15 39418297 1
15 40567049 1
15 40567091 1
15 40602411 1
15 40714302 1
15 40812115 1
15 41186458 1
15 41314876 1
15 41849957 1
15 41896221 1
15 42376760 1
15 42677870 1
15 45329449 1
15 45410452 1
15 45455425 1
15 47488368 1
15 50296111 1
15 51485054 1
15 51573748 1
15 52371265 1
15 52519763 1
15 55401251 1
15 56092133 1
15 57834587 1
15 57852201 1
15 58363215 1
15 58474936 1
15 58520100 1
15 58520102 1
15 61209301 1
15 62126478 1
15 62127883 1
15 63340339 1
15 64183378 1
15 64445924 1
15 65020582 1
15 65693265 1
15 65903634 1
15 67143705 1
15 67155354 1
15 67239225 1
15 68155924 1
15 69687126 1
15 69758459 1
15 69768288 1
15 69770753 1
15 70780553 1
15 71735977 1
15 72072911 1
15 72093678 1
15 72448549 1
15 72492219 1
15 72578453 1
15 72605128 1
15 73992777 1
15 74189916 1
15 74257257 1
15 74265453 1
15 74346540 1
15 74420046 1
15 74666158 1
15 74674898 1
15 74782331 1
15 74924477 1
15 74927677 1
15 75092676 1
15 75321801 1
15 75497297 1
15 76094609 1
15 76440434 1
15 76443471 1
15 76483275 1
15 77400201 1
15 77789340 1
15 77926013 1
15 78113990 1
15 78259314 1
15 78469900 1
15 78533458 1
15 78715375 1
15 80711440 1
15 81558349 1
15 85131372 1
15 85587691 1
15 86159430 1
15 86408515 1
15 88817960 1
15 89600917 1
15 89721157 1
15 89750254 1
15 89902001 1
15 89974110 1
15 90190518 1
15 90304159 1
15 90764698 1
15 90836731 1
15 91025796 1
15 91191471 1
15 91475831 1
15 91576546 1
15 93631252 1
15 94663290 1
15 98835855 1
15 98965020 1
15 99202633 1
15 99323013 1
15 101413467 1
15 101798528 1
16 147065 1
16 147098 1
16 231578 1
16 791109 1
16 2053980 1
16 2190768 1
16 2551374 1
16 2969846 1
16 3011898 1
16 3109409 1
16 3704454 1
16 3989248 1
16 4338581 1
16 4556580 1
16 4674400 1
16 5134976 1
16 8974285 1
16 10275591 1
16 10615725 1
16 10831105 1
16 11058055 1
16 11626173 1
16 12913396 1
16 15798553 1
16 15915872 1
16 16288896 1
16 18980789 1
16 19897764 1
16 19910855 1
16 19918949 1
16 20394907 1
16 20818207 1
16 20861379 1
16 21168216 1
16 21720027 1
16 21946581 1
16 22332725 1
16 22332727 1
16 22960294 1
16 23072219 1
16 23746709 1
16 23812922 1
16 24021977 1
16 24048176 1
16 24053539 1
16 24516257 1
16 25138290 1
16 27651275 1
16 28229617 1
16 28289190 1
16 28328575 1
16 28333248 1
16 28885078 1
16 29711980 1
16 30033045 1
16 30043734 1
16 30441637 1
16 30705415 1
16 30825769 1
16 30965143 1
16 31880106 1
16 46707490 1
16 46707493 1
16 46888032 1
16 47071856 1
16 48190830 1
16 49384593 1
16 50543681 1
16 53088878 1
16 56390501 1
16 56985370 1
16 56998616 1
16 57610468 1
16 57829453 1
16 58054754 1
16 65152070 1
16 66349315 1
16 66376405 1
16 66512789 1
16 66517809 1
16 66929271 1
16 67011747 1
16 67189432 1
16 67462210 1
16 67499891 1
16 67515245 1
16 67548451 1
16 67555577 1
16 67850597 1
16 67917799 1
16 67962562 1
16 68027314 1
16 68074658 1
16 68263473 1
16 68295638 1
16 68554695 1
16 68738422 1
16 69146753 1
16 69345200 1
16 71645097 1
16 72158962 1
16 74743501 1
16 74847167 1
16 75505852 1
16 78037028 1
16 78269281 1
16 81731019 1
16 81771785 1
16 81907668 1
16 81924149 1
16 83389996 1
16 83960441 1
16 83990536 1
16 84096534 1
16 84118572 1
16 85309400 1
16 85330800 1
16 85403748 1
16 85427479 1
16 85693539 1
16 86106616 1
16 86553871 1
16 87358472 1
16 87584178 1
16 87943145 1
16 88803900 1
16 88852036 1
16 89307378 1
17 1162574 1
17 1179632 1
17 1533465 1
17 1552313 1
17 2148240 1
17 2286051 1
17 2319518 1
17 4103314 1
17 4316673 1
17 4324082 1
17 4785466 1
17 6325517 1
17 6569505 1
17 7227691 1
17 7259513 1
17 7726207 1
17 7766148 1
17 7893664 1
17 7983433 1
17 7997344 1
17 8689315 1
17 10518056 1
17 10520017 1
17 10549918 1
17 11839290 1
17 12927960 1
17 16492831 1
17 16905274 1
17 17763708 1
17 17794513 1
17 18529139 1
17 19241597 1
17 19266341 1
17 19350561 1
17 19417394 1
17 20896376 1
17 21183489 1
17 21360514 1
17 25930368 1
17 26744021 1
17 26821906 1
17 26867913 1
17 26940476 1
17 27077299 1
17 27090915 1
17 27292798 1
17 27439034 1
17 27443094 1
17 27907508 1
17 28431696 1
17 29764470 1
17 29764473 1
17 30580242 1
17 30646639 1
17 30810677 1
17 30986520 1
17 31204374 1
17 31325526 1
17 31377007 1
17 32001813 1
17 32078332 1
17 32106315 1
17 32527110 1
17 32965453 1
17 33416484 1
17 33446924 1
17 34074677 1
17 34091254 1
17 34136061 1
17 34274295 1
17 34296696 1
17 34985912 1
17 35062762 1
17 35062775 1
17 36648482 1
17 36648485 1
17 36891524 1
17 37331354 1
17 37363398 1
17 37778337 1
17 37779858 1
17 37886860 1
17 38170159 1
17 38632576 1
17 38689743 1
17 38776352 1
17 39065715 1
17 39804321 1
17 39819136 1
17 39823411 1
17 40115171 1
17 40374341 1
17 40474937 1
17 40679439 1
17 40730617 1
17 40826075 1
17 40833387 1
17 41561178 1
17 41751351 1
17 41755450 1
17 41923798 1
17 41956083 1
17 42072448 1
17 42219175 1
17 42428306 1
17 42856625 1
17 42997552 1
17 43212789 1
17 43226693 1
17 43354742 1
17 43463079 1
17 43717913 1
17 43930250 1
17 43971782 1
17 44913420 1
17 45078677 1
17 45307292 1
17 45776371 1
17 45879947 1
17 46095896 1
17 46534799 1
17 46680120 1
17 46749174 1
17 46802058 1
17 46891968 1
17 46956497 1
17 46962210 1
17 47113567 1
17 47300992 1
17 47300994 1
17 47304969 1
17 47368273 1
17 47512616 1
17 47647546 1
17 47772988 1
17 48074119 1
17 48075775 1
17 48164997 1
17 48217418 1
17 48439524 1
17 48560002 1
17 48708124 1
17 48860670 1
17 48860698 1
17 48919407 1
17 49244589 1
17 53426317 1
17 53603935 1
17 55038477 1
17 55320634 1
17 55749441 1
17 55970018 1
17 56665191 1
17 57388519 1
17 57518337 1
17 57599034 1
17 59489906 1
17 60749847 1
17 61556441 1
17 61996756 1
17 62024305 1
17 62067931 1
17 62106420 1
17 62106422 1
17 62844123 1
17 62915657 1
17 63228018 1
17 65290016 1
17 65370927 1
17 65775281 1
17 66201554 1
17 66432716 1
17 66459307 1
17 66756196 1
17 67565351 1
17 67603471 1
17 70536650 1
17 70556540 1
17 70982434 1
17 71187785 1
17 72173020 1
17 72199696 1
17 72364584 1
17 72598298 1
17 72767039 1
17 73234922 1
17 73649231 1
17 73826320 1
17 74394258 1
17 74519354 1
17 75052518 1
17 75092738 1
17 75327669 1
17 76172811 1
17 76286041 1
17 76357031 1
17 76862018 1
17 76989421 1
17 77083850 1
17 77682612 1
17 77715901 1
17 77720124 1
17 77720127 1
17 77982379 1
17 78056637 1
17 78400856 1
17 79227303 1
17 79568736 1
17 79979191 1
17 80509891 1
17 80512482 1
17 80739835 1
18 3586007 1
18 3594423 1
18 3703830 1
18 6920197 1
18 8478857 1
18 11310682 1
18 12039128 1
18 12237383 1
18 12660039 1
18 19577758 1
18 21498590 1
18 21699137 1
18 32811118 1
18 34923439 1
18 35056326 1
18 35056351 1
18 43201125 1
18 43460105 1
18 43460117 1
18 44731479 1
18 46190813 1
18 46201789 1
18 47037198 1
18 51646018 1
18 52902039 1
18 55549216 1
18 55803205 1
18 56431704 1
18 56448973 1
18 56737849 1
18 57504936 1
18 59249263 1
18 60251756 1
19 510771 1
19 584559 1
19 665045 1
19 734234 1
19 1244556 1
19 1267120 1
19 1279884 1
19 1546369 1
19 1767622 1
19 1826296 1
19 1837792 1
19 1848832 1
19 2069878 1
19 2613989 1
19 3163459 1
19 3305104 1
19 3429680 1
19 3472174 1
19 3618725 1
19 3666025 1
19 3700610 1
19 3719235 1
19 4140527 1
19 4352768 1
19 4523477 1
19 4636428 1
19 4804072 1
19 4872795 1
19 5029879 1
19 5031793 1
19 5578414 1
19 6218674 1
19 7419449 1
19 7990216 1
19 8035832 1
19 8067444 1
19 8318059 1
19 8571198 1
19 8645776 1
19 8764174 1
19 10138568 1
19 10230655 1
19 10360964 1
19 10535159 1
19 10652283 1
19 10755629 1
19 11146778 1
19 11236956 1
19 11314678 1
19 11354140 1
19 11545957 1
19 12783016 1
19 12787336 1
19 12886522 1
19 12958576 1
19 13204777 1
19 13973243 1
19 14186063 1
19 14328352 1
19 14667639 1
19 15695646 1
19 16293716 1
19 16494258 1
19 16528698 1
19 16825711 1
19 16882537 1
19 17178424 1
19 17393651 1
19 17457178 1
19 17966564 1
19 18049239 1
19 18107830 1
19 18223973 1
19 18499386 1
19 18958192 1
19 19257020 1
19 19285989 1
19 19601371 1
19 19665359 1
19 30101668 1
19 30185676 1
19 30251166 1
19 33616962 1
19 33726336 1
19 34711566 1
19 35464241 1
19 35605682 1
19 36040275 1
19 38625399 1
19 38633255 1
19 38717032 1
19 38724617 1
19 38826299 1
19 39220510 1
19 39378297 1
19 39601199 1
19 39678064 1
19 39888465 1
19 40023591 1
19 40283797 1
19 40476816 1
19 41108189 1
19 41168834 1
19 41710365 1
19 41955438 1
19 42077164 1
19 42340224 1
19 42439193 1
19 42585916 1
19 42612823 1
19 42637398 1
19 43033593 1
19 43100817 1
19 44289642 1
19 45192622 1
19 45303926 1
19 45303936 1
19 45407037 1
19 45989169 1
19 46110694 1
19 46184935 1
19 46196763 1
19 46320542 1
19 46386774 1
19 46513180 1
19 46520244 1
19 47019263 1
19 47032993 1
19 47207911 1
19 47232184 1
19 47251952 1
19 47343939 1
19 47494592 1
19 47516399 1
19 47535651 1
19 47582748 1
19 47714142 1
19 47733917 1
19 48018844 1
19 48202777 1
19 48293816 1
19 48770455 1
19 48894887 1
19 48993196 1
19 49291571 1
19 49503193 1
19 49601251 1
19 50918197 1
19 51433270 1
19 51925352 1
19 51925354 1
19 55813359 1
19 55929717 1
19 55966254 1
19 56015566 1
19 56028399 1
19 56577951 1
19 56577964 1
20 247791 1
20 542532 1
20 648245 1
20 799812 1
20 1089266 1
20 1484431 1
20 2332654 1
20 2502540 1
20 2723912 1
20 3657451 1
20 3733873 1
20 3799190 1
20 3835899 1
20 4066073 1
20 4089458 1
20 4701530 1
20 5081577 1
20 5093825 1
20 5093830 1
20 5429321 1
20 5509719 1
20 6058184 1
20 11185989 1
20 13242895 1
20 13242905 1
20 17976902 1
20 19643226 1
20 19765714 1
20 20341227 1
20 22319930 1
20 22664831 1
20 23422645 1
20 23587381 1
20 29591717 1
20 30150808 1
20 30157514 1
20 30222229 1
20 30440674 1
20 30679855 1
20 31109690 1
20 31262308 1
20 31378029 1
20 31490469 1
20 31887110 1
20 32045170 1
20 32255897 1
20 32503665 1
20 32778582 1
20 33296520 1
20 33462021 1
20 33684194 1
20 33857261 1
20 33894955 1
20 34027005 1
20 34035193 1
20 34472360 1
20 34583102 1
20 34744745 1
20 34790937 1
20 35437128 1
20 36013262 1
20 36193025 1
20 36793856 1
20 36849677 1
20 36985152 1
20 37037416 1
20 37064084 1
20 37274957 1
20 37360304 1
20 37676877 1
20 37709992 1
20 38502910 1
20 39318824 1
20 39968813 1
20 40363257 1
20 42378567 1
20 42745484 1
20 42846170 1
20 43238809 1
20 43312361 1
20 44399978 1
20 44780694 1
20 44935868 1
20 45825179 1
20 45848895 1
20 46292693 1
20 46306769 1
20 47237198 1
20 47521754 1
20 47950616 1
20 48001233 1
20 48225644 1
20 48581582 1
20 48702176 1
20 48795939 1
20 48802959 1
20 49077471 1
20 49196699 1
20 50745217 1
20 52532473 1
20 52824357 1
20 53266170 1
20 55125856 1
20 55667330 1
20 55957015 1
20 56070463 1
20 56089488 1
20 56169535 1
20 56229514 1
20 56754783 1
20 56812310 1
20 57445517 1
20 58146775 1
20 58786332 1
20 60471507 1
20 60712065 1
20 60732154 1
20 61439808 1
20 61640596 1
20 61854886 1
20 61922774 1
20 61941044 1
20 62013360 1
20 62127633 1
20 62169436 1
20 62605414 1
20 62689302 1
21 19297517 1
21 26979912 1
21 26979914 1
21 30117562 1
21 30118206 1
21 33238536 1
21 33630843 1
21 33942268 1
21 34572258 1
21 34733726 1
21 34978277 1
21 35720392 1
21 35883008 1
21 37792403 1
21 37794718 1
21 38300107 1
21 38382355 1
21 39084648 1
21 39728131 1
21 43537727 1
21 43565795 1
21 44013539 1
21 44238537 1
21 44559274 1
21 45717718 1
21 46312879 1
21 47016812 1
21 47390741 1
22 18225365 1
22 19705651 1
22 19958178 1
22 20144698 1
22 20960672 1
22 21052012 1
22 21457257 1
22 21984437 1
22 22001181 1
22 22307327 1
22 22307359 1
22 22326845 1
22 22415157 1
22 22697375 1
22 22711814 1
22 22777150 1
22 22786012 1
22 22936677 1
22 23190738 1
22 24110669 1
22 24298934 1
22 24571332 1
22 25246442 1
22 25758294 1
22 25843964 1
22 26169095 1
22 28447915 1
22 29251780 1
22 29550614 1
22 29791131 1
22 29791134 1
22 29986075 1
22 30021753 1
22 31030574 1
22 31485297 1
22 31627334 1
22 32366811 1
22 32373347 1
22 33396864 1
22 35627675 1
22 36673879 1
22 36682714 1
22 36866473 1
22 37153818 1
22 37474015 1
22 37957909 1
22 38003232 1
22 38019749 1
22 38039477 1
22 38077757 1
22 38361373 1
22 38510679 1
22 39162328 1
22 39566971 1
22 39712598 1
22 39930962 1
22 41973095 1
22 41993469 1
22 42093283 1
22 42487017 1
22 42565136 1
22 43017708 1
22 43263947 1
22 43781883 1
22 44341941 1
22 44389224 1
22 45022290 1
22 45216676 1
22 45492335 1
22 45949818 1
22 46390894 1
22 46751474 1
22 46959401 1
22 50431976 1
22 50468891 1
23 4465471 1
23 9853385 1
23 16141518 1
23 27354810 1
23 30754081 1
23 47691386 1
23 64748783 1
23 73770307 1
23 102744861 1
23 109134319 1
23 123094330 1
23 128739588 1
23 129059796 1
23 129059799 1
23 136134729 1
23 139139294 1
23 149940815 1
23 152127612 1
23 152820431 1
23 152934904 1
15 80538118 0
23 127845664 0
18 53542592 0
2 205410703 0
5 55375766 0
13 86139169 0
24 9592307 0
1 82907350 0
13 60114611 0
1 195458580 0
9 43627841 0
4 117414381 0
1 242553111 0
9 133313072 0
14 34092479 0
8 42484261 0
23 74296432 0
21 15174911 0
8 10389908 0
2 69969432 0
20 40378842 0
12 12070745 0
8 14862335 0
2 60036744 0
2 181385868 0
8 76466312 0
10 79493090 0
14 50477966 0
12 106401274 0
2 110745504 0
4 180628625 0
23 89754712 0
12 11546080 0
1 193051700 0
21 14548801 0
9 6623891 0
10 38893131 0
11 19653290 0
14 25724260 0
14 34097753 0
12 43856723 0
20 61796781 0
1 147532669 0
3 10491059 0
3 17953996 0
2 25044757 0
14 95937741 0
13 35215973 0
5 163751970 0
23 107864888 0
21 41328781 0
7 127731959 0
5 51012972 0
2 158994975 0
4 118985099 0
22 19246265 0
4 66427500 0
10 98482524 0
13 34901387 0
6 94128767 0
19 19611097 0
15 102098275 0
24 19751308 0
14 101694607 0
3 99318950 0
7 81492212 0
4 77662241 0
4 147561626 0
5 103980073 0
19 8865624 0
7 151708546 0
21 10558806 0
6 90545301 0
1 2276795 0
18 69041591 0
2 115919880 0
2 61050966 0
22 21828144 0
23 304292 0
1 6687816 0
3 15537866 0
17 38620469 0
10 81211272 0
14 30850429 0
3 80930713 0
8 93615732 0
23 85193220 0
7 145966546 0
7 99463891 0
3 82577350 0
8 131220928 0
5 74633274 0
7 27230315 0
16 4911534 0
18 14643690 0
2 235909179 0
6 19523807 0
3 60056278 0
17 52759416 0
6 84642976 0
3 69523530 0
3 125823439 0
15 57822612 0
23 100184319 0
2 54087023 0
12 67226770 0
2 105760773 0
3 127376044 0
8 6135642 0
6 69345459 0
2 54869947 0
1 200211829 0
11 71195518 0
4 164265076 0
12 112701991 0
3 195682809 0
1 162003162 0
10 118368994 0
23 151817780 0
1 73498170 0
13 44542525 0
15 60291936 0
10 115232157 0
12 27945421 0
14 36988352 0
15 102416740 0
10 37928925 0
2 229759829 0
6 56079955 0
1 210582757 0
2 66161760 0
17 16908552 0
8 60831864 0
8 63550184 0
18 42821523 0
5 11148782 0
8 57030419 0
13 114518245 0
9 17745725 0
10 121138104 0
2 21896134 0
4 176634105 0
10 20427232 0
17 57490567 0
20 15419248 0
5 21484020 0
15 93958692 0
5 12097358 0
18 30017652 0
9 35310565 0
3 83570462 0
2 27663757 0
19 7436885 0
8 15653088 0
6 83074170 0
23 19673111 0
13 106760757 0
20 62730743 0
3 25646094 0
4 179899584 0
22 51157718 0
23 87539670 0
13 58606543 0
24 6547764 0
15 54210201 0
16 73074246 0
3 113001858 0
4 91230699 0
5 161028201 0
7 105298711 0
18 10595362 0
1 64553185 0
22 38055305 0
23 109420212 0
11 19477470 0
7 32110737 0
11 108235883 0
8 23562555 0
11 57685665 0
3 163471919 0
12 9896524 0
1 215741533 0
12 23326098 0
7 115675367 0
3 2678389 0
4 109226247 0
2 132524643 0
7 62764167 0
4 73944582 0
7 55239651 0
17 20744514 0
3 172294495 0
1 218274417 0
14 32546375 0
17 51900701 0
2 8679303 0
15 43880598 0
6 23518745 0
23 25664517 0
15 90624851 0
18 67552800 0
6 24052238 0
13 61434063 0
4 40269634 0
23 111087542 0
3 176196252 0
15 37043077 0
18 31803012 0
24 8841110 0
18 46735908 0
5 67949831 0
2 108444560 0
1 168106120 0
5 4424580 0
3 14634905 0
17 62534885 0
5 140885042 0
1 109848169 0
12 44651233 0
13 30098323 0
2 7484468 0
9 18004375 0
15 82623536 0
10 28756728 0
6 88865902 0
1 84128593 0
6 119162468 0
7 6703813 0
2 240516789 0
5 63253303 0
1 17725440 0
3 103890243 0
1 218282370 0
23 82583821 0
5 8642998 0
13 39010081 0
8 35518019 0
5 123984008 0
12 6130321 0
7 149710248 0
5 146083660 0
12 74565564 0
17 64015198 0
6 165542223 0
3 156706203 0
7 56608640 0
24 23821348 0
8 100162323 0
13 99061746 0
6 12933932 0
4 136015278 0
4 7554160 0
17 26095803 0
14 46589936 0
3 68638779 0
13 19281496 0
20 60662195 0
5 16155445 0
20 35399309 0
2 126335500 0
23 8275234 0
8 3811507 0
7 41277512 0
17 31838287 0
20 61033030 0
20 57291139 0
10 26500920 0
20 53023528 0
2 98996497 0
22 42810255 0
13 109447374 0
5 122407718 0
12 60450283 0
5 77831583 0
2 197172742 0
1 240049110 0
7 65188264 0
1 53874432 0
14 44320740 0
23 9199485 0
10 71179717 0
3 29144702 0
2 39595309 0
1 151530318 0
11 110800578 0
10 14962409 0
21 14408564 0
4 112999058 0
4 8453979 0
11 123646733 0
7 94245109 0
3 79127503 0
3 147127030 0
4 164394544 0
4 166643183 0
1 15728484 0
4 256602 0
7 111540285 0
2 189588329 0
23 18582253 0
21 27347432 0
15 100715988 0
3 8014482 0
7 56435309 0
14 87098907 0
18 12098212 0
6 90276737 0
4 42168526 0
24 2722410 0
13 81868731 0
10 128142176 0
11 12127273 0
11 63435825 0
13 31462388 0
21 26714907 0
3 154958721 0
4 182489669 0
6 148580895 0
6 68385158 0
17 65647125 0
7 150780944 0
6 84760292 0
8 22064382 0
15 56340186 0
14 90027475 0
13 112837570 0
6 35041202 0
2 60144472 0
15 57787573 0
23 67243553 0
8 111549831 0
12 114802550 0
3 48555045 0
2 79082442 0
4 130121995 0
4 20123519 0
3 197355118 0
6 157971042 0
2 80974581 0
6 115618496 0
4 122100834 0
4 22425836 0
17 45095215 0
9 137196298 0
6 159796854 0
13 49382625 0
2 189543988 0
21 38856297 0
7 112412910 0
16 69973045 0
2 10699773 0
4 12590060 0
2 203639009 0
23 150072127 0
13 81229282 0
9 25677961 0
6 76486266 0
17 76364650 0
19 58189664 0
13 112649622 0
20 19118314 0
4 80327793 0
4 70288742 0
5 58461852 0
1 240342071 0
2 176970949 0
12 1007080 0
8 98281654 0
2 25818480 0
10 105077495 0
2 111705531 0
3 185796767 0
7 56891756 0
13 97988329 0
21 42483950 0
8 144707712 0
10 87921527 0
1 210606317 0
17 70371211 0
9 126912133 0
23 101726706 0
21 38156016 0
7 111555525 0
3 77088797 0
6 52200142 0
8 67750738 0
8 118762322 0
6 146135716 0
2 23232460 0
12 130948069 0
17 20353059 0
7 97791100 0
21 42285945 0
1 92477188 0
8 134625372 0
13 96849270 0
23 73744464 0
4 31210556 0
3 115187321 0
16 70248076 0
3 105567096 0
8 128316405 0
6 163197581 0
4 177138019 0
7 68785644 0
12 115123484 0
18 38038775 0
4 55036244 0
14 75930664 0
13 28122825 0
15 83108968 0
3 47165431 0
6 131455840 0
9 139111185 0
13 53422006 0
16 55141712 0
15 70485734 0
6 21017924 0
7 5541164 0
3 154223510 0
5 176733406 0
4 122686571 0
9 45424180 0
5 37568274 0
1 246359166 0
15 97450309 0
16 50337654 0
6 65155727 0
23 152900490 0
8 27735646 0
1 176309142 0
2 212718617 0
15 31728507 0
4 116803111 0
2 19787208 0
16 14347559 0
2 8395186 0
1 40157908 0
1 39818757 0
3 158440146 0
14 43769658 0
10 129857653 0
23 139239170 0
4 57973043 0
2 204599717 0
5 112543554 0
7 23913579 0
14 103244343 0
23 31587570 0
1 50891214 0
6 121724684 0
23 144905886 0
7 124147957 0
23 135326395 0
16 7598756 0
23 81378060 0
17 34070216 0
7 53102036 0
17 60885796 0
2 87452221 0
18 56263580 0
8 71965010 0
11 105629664 0
8 20377055 0
3 111828417 0
23 89464884 0
2 199348909 0
7 77696378 0
10 102807175 0
6 90690309 0
3 106849762 0
2 187867126 0
8 67369124 0
16 82455129 0
6 168939046 0
1 168012362 0
6 38745321 0
4 124562416 0
2 208546261 0
15 34679981 0
9 83385845 0
16 23966880 0
12 2986108 0
14 69180838 0
5 160232702 0
5 54234018 0
3 11596084 0
9 34421514 0
11 71148503 0
7 82579985 0
3 102266305 0
14 48144890 0
13 45965453 0
22 31050715 0
13 74844075 0
24 28205563 0
1 106107807 0
13 30078983 0
1 30306771 0
11 49714166 0
4 148996126 0
6 43623588 0
20 24891997 0
6 58338491 0
3 127724175 0
18 40286107 0
17 2598155 0
9 47201838 0
6 143932170 0
4 96908167 0
16 61267433 0
7 147967560 0
19 3976750 0
2 111377061 0
2 140309364 0
6 4670587 0
5 41622766 0
2 56409991 0
11 116397271 0
3 188306674 0
7 6011948 0
5 106817070 0
11 120388199 0
18 72759235 0
4 21915665 0
18 43807922 0
13 44544319 0
13 76240632 0
5 80059527 0
24 17956842 0
17 42003638 0
24 13955101 0
23 304049 0
3 117109224 0
7 63504166 0
24 9343824 0
3 162253258 0
13 69017883 0
10 77177573 0
12 124914194 0
7 76100222 0
4 27361338 0
4 185886297 0
14 106988838 0
6 110752343 0
9 66274196 0
6 29598300 0
8 67898651 0
15 41236120 0
12 78431426 0
16 73264394 0
3 115144539 0
13 43841873 0
17 58171354 0
9 109464366 0
14 23366163 0
2 12472764 0
17 53061286 0
19 29603167 0
3 62410201 0
1 7764999 0
20 22553330 0
18 24104157 0
7 99032369 0
13 36872030 0
7 40786616 0
8 17297662 0
3 73022359 0
8 133437411 0
23 38115560 0
19 45864495 0
4 186350556 0
5 7797238 0
7 144841568 0
20 18329254 0
17 11435495 0
12 29659771 0
15 25454349 0
3 51582761 0
5 92665230 0
9 108211123 0
19 22537542 0
8 105594940 0
12 65140936 0
8 15170505 0
3 89002405 0
14 82101117 0
5 87342184 0
17 50153179 0
19 524769 0
2 228593162 0
9 126945427 0
1 84202077 0
5 142385593 0
12 9569504 0
1 158264784 0
1 64556286 0
1 194369569 0
3 74310966 0
4 152391023 0
3 103982382 0
9 40634341 0
4 72052273 0
4 159937023 0
17 28947812 0
1 214455323 0
5 21557386 0
12 96453696 0
4 111536197 0
3 52874178 0
11 77921353 0
14 59071372 0
16 4920437 0
8 51575991 0
2 126069564 0
8 76519574 0
2 99189219 0
8 14935196 0
2 30218123 0
5 65274416 0
1 207424492 0
11 2428579 0
2 99449512 0
10 37788288 0
2 177852770 0
13 112504316 0
1 2784899 0
20 31053263 0
23 108261142 0
3 120275306 0
3 102839395 0
17 45677944 0
7 74830641 0
15 87855250 0
10 61947431 0
7 93688336 0
21 35342625 0
1 73716211 0
11 91154996 0
17 69326821 0
11 111094293 0
6 58180168 0
18 71895624 0
3 169567220 0
9 4086946 0
9 93346360 0
5 40322787 0
13 72890024 0
12 98505563 0
8 67170982 0
9 127064224 0
7 9919094 0
7 45493780 0
10 1254624 0
16 71963478 0
13 43790991 0
2 190686797 0
8 35383267 0
2 5660810 0
14 89021220 0
3 30795411 0
13 21896487 0
23 36072028 0
20 2464490 0
13 39424298 0
2 28866332 0
24 14100092 0
7 38725809 0
9 124966155 0
15 71842088 0
4 58014005 0
9 36826910 0
6 15422380 0
14 75408951 0
12 116212666 0
22 41830545 0
4 81711079 0
15 34577810 0
3 52537369 0
10 51117836 0
2 241100020 0
10 25031874 0
15 29390946 0
1 200149089 0
10 125707723 0
4 180979940 0
4 163219078 0
11 47415416 0
16 18468469 0
7 17338081 0
7 101373550 0
23 152686177 0
12 65211235 0
3 183807573 0
3 58356370 0
12 101763631 0
8 122147446 0
6 109645338 0
8 54427049 0
21 25282689 0
18 65470139 0
1 171748501 0
6 72478261 0
1 176741736 0
15 96286796 0
16 84123415 0
4 9546252 0
8 97198496 0
7 43152717 0
2 41685948 0
19 31839696 0
17 67879516 0
20 54681743 0
2 123829968 0
18 35103464 0
1 34523135 0
7 42181653 0
15 43882532 0
1 41276041 0
2 19328097 0
6 9903674 0
10 113712628 0
6 133145054 0
20 19290746 0
1 62820029 0
5 125112965 0
13 90161258 0
14 70811248 0
4 54386370 0
18 59420271 0
5 168134958 0
1 116762952 0
3 38071365 0
14 27569741 0
15 67300320 0
18 14963477 0
7 153153535 0
6 14884428 0
1 232169620 0
1 166958536 0
18 21423446 0
7 4301491 0
4 122160573 0
18 47550956 0
8 66031326 0
9 113724767 0
7 98539958 0
6 86698715 0
13 112041580 0
14 27699620 0
18 56117763 0
3 184075415 0
11 132113710 0
15 77118051 0
8 120221059 0
23 141715205 0
9 67526836 0
1 46743532 0
1 229673759 0
18 67066910 0
9 95696457 0
1 24790 0
24 20549032 0
11 35086830 0
4 2901081 0
20 53794245 0
16 15013163 0
14 35854261 0
12 90499636 0
13 72776934 0
7 81219683 0
6 163713130 0
14 66480632 0
5 21944944 0
7 75939894 0
14 69138630 0
5 13575720 0
9 10277062 0
23 58012284 0
16 55322973 0
7 103283284 0
5 12119797 0
23 148033958 0
15 72105778 0
1 203816626 0
23 147582378 0
24 254238 0
2 29469738 0
16 780981 0
23 6105499 0
20 17452993 0
5 14164467 0
14 100219405 0
24 15864317 0
2 5991007 0
6 149675748 0
13 96742570 0
1 8416328 0
2 69071207 0
4 7706233 0
16 3056963 0
7 81879840 0
7 50465604 0
18 28331695 0
2 222083204 0
16 13108827 0
2 148148594 0
10 132522180 0
4 144555792 0
4 5946159 0
16 33288209 0
8 16881029 0
5 166405680 0
13 114991235 0
10 48964976 0
2 190445958 0
2 105363664 0
17 28951295 0
11 27969775 0
12 15599778 0
10 97292161 0
8 91643845 0
7 42005857 0
9 87806734 0
11 120623679 0
3 52375256 0
15 93592014 0
5 50953325 0
9 14071936 0
17 11953531 0
2 204690948 0
3 174634802 0
6 21748626 0
3 63114251 0
3 185912166 0
3 174993732 0
17 79910592 0
18 15141828 0
23 101471687 0
16 18478450 0
7 80988102 0
9 135432729 0
9 6645575 0
12 40807124 0
3 179754994 0
15 64791996 0
23 148863784 0
11 108345609 0
6 33543645 0
8 145815325 0
8 89134421 0
8 29474392 0
12 104949744 0
10 108924039 0
4 27570784 0
13 110981767 0
10 69543205 0
8 53240256 0
10 29179944 0
9 35869700 0
4 91758442 0
11 8108279 0
6 24596523 0
6 146997821 0
11 22454144 0
8 142169307 0
17 29858533 0
2 3025674 0
4 185151863 0
1 21930418 0
4 190387752 0
17 850259 0
3 134332038 0
5 23527413 0
16 54594172 0
17 32012771 0
23 303968 0
2 15304676 0
24 26980541 0
8 110552118 0
3 38946314 0
10 8183223 0
13 42294367 0
1 158621176 0
10 63810930 0
6 170191633 0
1 113471917 0
4 24031036 0
10 36647278 0
3 183000949 0
17 29741579 0
3 46904783 0
2 227872817 0
24 9322271 0
5 25326577 0
7 45852224 0
7 111958730 0
13 19727489 0
14 20065647 0
2 145852748 0
18 1714895 0
23 147541345 0
6 7189475 0
2 180103102 0
23 145727063 0
1 2096483 0
1 78277382 0
14 102374568 0
2 230409047 0
7 4214263 0
14 73437653 0
3 62740906 0
12 49460770 0
1 24377492 0
9 31454604 0
5 16896099 0
6 50804179 0
6 6203147 0
2 4892559 0
4 58888865 0
11 117160993 0
10 119315249 0
11 93695631 0
14 97811883 0
12 129125679 0
3 62356288 0
13 28013737 0
19 29505289 0
9 6008166 0
10 48843572 0
11 64669821 0
17 56455069 0
20 10468367 0
2 47250513 0
8 128428466 0
5 28428460 0
11 95873658 0
7 70829743 0
20 45413584 0
3 113950992 0
2 198049902 0
19 3403265 0
4 184943606 0
2 48349014 0
15 88692882 0
2 32716295 0
1 48901415 0
16 79291818 0
8 81554252 0
2 211726005 0
8 17488375 0
9 12769471 0
4 185013343 0
12 57882886 0
12 120539429 0
8 133924332 0
4 5757569 0
3 107898595 0
15 64295407 0
23 135288860 0
1 149906083 0
1 193930756 0
6 4663936 0
22 34588679 0
3 53158003 0
1 56881819 0
13 99701543 0
18 4214008 0
19 29768926 0
6 45991363 0
5 159648549 0
16 87683022 0
10 124465325 0
13 25735345 0
23 18370623 0
3 168333600 0
3 120025848 0
16 21694213 0
5 118394763 0
3 129732290 0
2 48460555 0
23 153813382 0
15 38880709 0
7 26585756 0
4 120330986 0
3 146979529 0
12 6351305 0
13 108867354 0
10 61829569 0
3 160786355 0
8 33095874 0
6 36566702 0
16 50648376 0
6 94970969 0
7 43397779 0
10 62505659 0
5 62417083 0
15 78284759 0
4 150056964 0
5 92461227 0
20 6461202 0
9 130097183 0
3 169359209 0
2 210382166 0
8 41473512 0
11 124311139 0
7 113726454 0
12 127302436 0
19 7572847 0
12 6084454 0
13 89635155 0
3 69591644 0
7 13271027 0
13 20679657 0
11 15738217 0
2 50154206 0
7 141464275 0
9 108726193 0
9 40517471 0
1 222300863 0
9 41992358 0
7 150269712 0
4 3872379 0
9 77403787 0
24 253428 0
4 88437838 0
23 3522667 0
11 31819892 0
3 7134438 0
5 35365746 0
18 73295968 0
1 213712567 0
12 18016488 0
22 45242502 0
3 93927501 0
24 4173609 0
2 209358057 0
12 123466591 0
17 52024793 0
13 112771904 0
12 46096384 0
19 1783647 0
13 104286006 0
2 95428562 0
7 145727926 0
10 60558923 0
8 143383711 0
2 85994416 0
3 150794318 0
22 25766488 0
3 67674706 0
4 3656750 0
6 120253132 0
8 138614488 0
20 37056218 0
7 39015666 0
11 31550880 0
6 69769966 0
13 100228785 0
8 110408254 0
1 60997002 0
2 65698504 0
14 35025932 0
1 23751020 0
12 74722501 0
5 44546810 0
16 60393048 0
8 57048195 0
4 9157093 0
14 91825396 0
17 77108863 0
24 1918089 0
2 187399907 0
4 122898673 0
1 75661037 0
7 40499945 0
4 78584362 0
4 59214706 0
12 66889739 0
10 110789384 0
1 25355343 0
3 29571566 0
5 85177894 0
10 129085 0
16 50346653 0
7 153866404 0
12 48253523 0
9 9847800 0
6 121311684 0
2 234663840 0
16 55836324 0
11 26319517 0
8 75041761 0
8 145621895 0
22 42703113 0
4 62068707 0
23 95690202 0
16 59830431 0
1 106465413 0
11 106487414 0
10 115826490 0
7 28062625 0
15 86920952 0
8 143765738 0
1 27875094 0
17 5966272 0
4 119265521 0
12 11593510 0
5 114678794 0
20 15592692 0
16 3784745 0
6 139609981 0
1 216375157 0
10 48247051 0
7 30489836 0
11 46114113 0
3 65024187 0
8 132255903 0
1 199817904 0
1 68893805 0
7 31410701 0
23 22032174 0
6 25004657 0
2 43268971 0
8 12293724 0
5 147543935 0
9 85336881 0
8 77620261 0
8 144698807 0
5 29783092 0
3 149869137 0
2 87869788 0
10 1046649 0
6 144455286 0
11 38991068 0
13 81369270 0
23 15721483 0
5 85587782 0
2 201581717 0
1 56466608 0
17 76620195 0
4 147208818 0
20 20943317 0
15 88854102 0
23 51150031 0
6 110056491 0
5 163257345 0
2 236829032 0
3 116146626 0
5 90001230 0
17 59462165 0
5 44853363 0
18 12255079 0
11 100508564 0
2 38756651 0
2 22561097 0
11 68843330 0
2 88770861 0
23 127261007 0
20 9519972 0
12 106633511 0
7 70847691 0
17 28886285 0
8 20899380 0
23 303401 0
24 15535254 0
1 96600435 0
14 39901099 0
1 18507656 0
3 124692595 0
1 95292905 0
14 29853022 0
12 72733195 0
14 72364179 0
23 126344469 0
2 117733114 0
1 161953884 0
7 85050533 0
8 119870551 0
22 23100851 0
23 150874815 0
15 35449014 0
18 49857106 0
24 19730163 0
18 51084578 0
14 44522832 0
10 114903038 0
7 17871198 0
7 118928634 0
7 92822463 0
1 115418313 0
2 90106490 0
17 12898668 0
18 24532209 0
6 29012612 0
1 3673450 0
7 153413434 0
20 20433915 0
9 75971349 0
1 82023467 0
1 13385434 0
6 70955237 0
21 36106836 0
5 177809919 0
23 130222879 0
8 61910143 0
2 198040074 0
2 154460717 0
10 95700298 0
11 57002028 0
12 17260573 0
20 17294265 0
9 16283092 0
18 39804543 0
4 117847301 0
5 151153954 0
21 33948270 0
7 128488110 0
7 52529935 0
2 50574103 0
7 1578424 0
14 24548942 0
14 94325459 0
5 103064387 0
3 129815138 0
24 17568565 0
10 66335342 0
5 18441442 0
6 8565341 0
16 51824542 0
3 110286773 0
5 130951787 0
1 5987369 0
6 68186976 0
6 167785935 0
22 17001952 0
10 87720460 0
9 28852532 0
8 117817611 0
13 59167457 0
19 33807724 0
21 43998667 0
4 16228130 0
11 73102489 0
11 31237759 0
12 68095912 0
1 94465166 0
10 55342148 0
2 7068723 0
16 84888305 0
17 38652429 0
5 158331737 0
10 21463686 0
8 65283036 0
5 13590202 0
7 117513469 0
16 85099042 0
9 17695645 0
18 49299164 0
3 72432052 0
4 119038949 0
7 47159522 0
5 179196297 0
13 41814454 0
4 90545138 0
5 67792030 0
19 16974786 0
4 147089278 0
15 88712699 0
19 18965768 0
2 182592982 0
4 54306769 0
8 61827805 0
23 7906384 0
6 46895701 0
16 48116684 0
3 143697626 0
16 18548499 0
2 80380212 0
2 160732147 0
21 22959286 0
11 40829314 0
21 18141976 0
12 20522311 0
20 44817649 0
2 132533899 0
5 25556923 0
19 10200003 0
9 110552138 0
3 156781428 0
23 23310536 0
3 130932154 0
2 87211509 0
4 62962809 0
9 11618418 0
2 13569642 0
2 168586530 0
2 237563275 0
8 138551637 0
6 72639387 0
1 42616875 0
3 48482387 0
4 113350331 0
16 72091413 0
17 73493243 0
15 52446359 0
1 9238909 0
6 32370998 0
18 37706463 0
11 106889116 0
1 153044620 0
17 76410642 0
4 141216738 0
4 154681081 0
15 80569973 0
14 28482756 0
3 20459991 0
16 69763590 0
12 9571571 0
4 178379773 0
3 197847498 0
8 61898389 0
4 165086079 0
5 56053799 0
1 215408289 0
12 11545957 0
23 124376785 0
6 112131608 0
10 15135120 0
5 149618765 0
7 31291854 0
5 131594656 0
3 49033443 0
2 175584575 0
12 68007749 0
4 160942002 0
9 121569505 0
11 105301768 0
4 90300590 0
5 38310044 0
4 64308153 0
18 11224294 0
2 205589559 0
14 24045407 0
7 1315244 0
2 218794341 0
18 54746722 0
13 57193567 0
17 80207658 0
15 49617765 0
7 92839373 0
10 11282743 0
9 121219825 0
3 102164592 0
4 112711473 0
9 138905972 0
1 97333260 0
23 103500141 0
10 88045849 0
5 169151644 0
14 54604092 0
14 106990115 0
8 134758075 0
12 127037474 0
17 42545191 0
19 29284414 0
18 62145700 0
12 131978975 0
6 46785570 0
5 62521260 0
1 45863317 0
4 125087876 0
5 59352712 0
9 140868611 0
7 24126468 0
18 61842278 0
5 163231304 0
9 88407441 0
4 57908204 0
17 66423945 0
1 202624390 0
4 119555659 0
7 45796912 0
9 113281780 0
2 75277759 0
19 41333273 0
1 104441599 0
19 32601613 0
8 65612535 0
4 83744184 0
6 20975455 0
10 7949880 0
1 79103014 0
10 57227789 0
8 57503578 0
5 62036624 0
8 38346579 0
13 52416581 0
17 5825751 0
17 69975921 0
12 131768769 0
18 31433804 0
5 72678437 0
10 110582060 0
4 17614007 0
17 20113762 0
3 108152742 0
17 7094092 0
7 3134160 0
2 126928891 0
5 50180763 0
10 134765329 0
12 123344034 0
8 87670304 0
1 199838413 0
2 79966894 0
20 50139893 0
7 142200008 0
2 29065770 0
11 91664663 0
2 156870700 0
1 212580067 0
2 6763559 0
10 126193589 0
18 5780641 0
11 48055731 0
11 91957777 0
10 2617871 0
3 68325638 0
18 51013182 0
7 36370610 0
4 47403555 0
1 221065593 0
7 109272366 0
1 146451015 0
23 120080135 0
2 152835458 0
16 84059509 0
11 84196683 0
8 56942586 0
8 137677293 0
16 15350789 0
9 139129573 0
20 33581496 0
5 32889558 0
7 111946694 0
2 163056607 0
4 57458979 0
13 24823631 0
2 96117189 0
2 162819573 0
24 2238155 0
10 8934875 0
14 19932677 0
9 42316378 0
13 34611623 0
2 241722818 0
10 82882481 0
8 356483 0
7 62778393 0
3 23371149 0
3 104450110 0
7 101993670 0
9 79792849 0
2 113820454 0
23 31318649 0
8 18148913 0
3 103585441 0
17 63308680 0
24 24453968 0
4 45228009 0
13 29069331 0
18 14712064 0
1 98718718 0
12 69499876 0
2 47918064 0
20 58938062 0
5 132015623 0
19 10662791 0
8 37234760 0
15 76977871 0
18 4354044 0
7 3996614 0
13 63028748 0
7 19183450 0
2 80250125 0
5 132457453 0
15 83539697 0
23 73753383 0
18 25148901 0
7 68693896 0
19 22604697 0
5 50721919 0
1 8912875 0
6 21685553 0
1 198145924 0
5 9944609 0
7 10680438 0
12 62075586 0
4 93693146 0
18 35105097 0
2 184464008 0
9 131943391 0
15 30425363 0
18 6387203 0
20 46407574 0
9 123138311 0
6 5999289 0
19 57183302 0
3 13702709 0
10 3309620 0
13 100060966 0
23 79590579 0
5 172915076 0
2 81314951 0
5 107036063 0
7 35501004 0
2 230477426 0
20 50055204 0
17 52482152 0
3 88482875 0
5 3922838 0
8 109144177 0
2 213402209 0
12 86635858 0
16 20043359 0
13 37126070 0
4 55339977 0
18 68343160 0
10 72493782 0
11 24888706 0
11 14462397 0
3 113889469 0
23 130037230 0
6 22570140 0
22 24293318 0
20 61966737 0
23 128788185 0
8 63022028 0
8 7161765 0
1 151315304 0
5 160491970 0
4 2401664 0
9 69399402 0
7 17925853 0
11 98283033 0
6 86253896 0
18 74904337 0
2 4986046 0
8 27509018 0
6 115231956 0
16 18441194 0
11 61473742 0
3 30380911 0
3 113000763 0
4 8273929 0
15 53986367 0
6 120121988 0
1 6106289 0
14 105683320 0
1 39283431 0
8 30422846 0
1 82266585 0
21 40599163 0
15 30261257 0
23 31080058 0
1 205901839 0
1 148244754 0
10 120354496 0
2 148069514 0
18 35475839 0
4 112999163 0
7 18695658 0
6 152569929 0
6 46661265 0
11 18113555 0
3 113299705 0
13 57218491 0
7 80254256 0
8 14389058 0
9 42772577 0
8 136650552 0
18 68023771 0
4 72619024 0
12 53629800 0
5 114392121 0
2 170085356 0
8 61941841 0
1 89570581 0
6 93749354 0
14 68773533 0
15 49778079 0
2 236799217 0
2 221541000 0
21 26542337 0
7 90859467 0
1 245751746 0
11 11290252 0
13 76452000 0
3 168559522 0
6 168135893 0
12 81623649 0
13 109793018 0
10 95993220 0
11 43639397 0
23 8821781 0
18 6094527 0
10 132123663 0
1 72414405 0
3 115219765 0
12 15956955 0
10 14039109 0
15 43985663 0
1 242467152 0
15 85488853 0
7 138656449 0
9 973231 0
11 129983392 0
23 21635504 0
7 129091540 0
1 146502058 0
3 100073335 0
9 456547 0
7 4300435 0
1 246033737 0
1 238044593 0
12 97955770 0
7 76101101 0
23 47132302 0
10 31358728 0
17 25918419 0
2 168239760 0
8 140926605 0
7 141937711 0
9 13287045 0
3 161630575 0
15 88488511 0
16 7353100 0
13 23007364 0
8 28047164 0
18 62894514 0
12 112515479 0
7 39832150 0
7 1247937 0
18 45194686 0
14 75830229 0
9 38899202 0
13 64579373 0
24 254319 0
21 23515566 0
1 114663698 0
7 49161332 0
5 2613012 0
13 78199981 0
14 72936357 0
11 24085766 0
19 46276827 0
15 59682114 0
6 89674654 0
2 237071885 0
7 33038584 0
3 46931763 0
20 22312383 0
4 129760180 0
7 6746098 0
9 136718450 0
5 128801839 0
11 80789188 0
4 42279240 0
12 106548603 0
15 90608709 0
20 48677419 0
6 25455135 0
8 71671946 0
8 16232424 0
7 25422097 0
1 226661359 0
10 83634765 0
6 68376719 0
23 79828654 0
18 35713221 0
6 30269645 0
3 14575505 0
4 115529069 0
10 46970134 0
3 53979003 0
17 63455927 0
9 2414125 0
15 30390447 0
1 151108706 0
17 7011580 0
7 96078572 0
15 20350270 0
3 125119620 0
6 131478569 0
8 11600949 0
1 82687643 0
4 70234159 0
14 57513085 0
9 11618421 0
5 155537855 0
8 63999022 0
23 11722306 0
9 42276488 0
7 72446398 0
11 127867714 0
18 69015141 0
15 34873007 0
7 8250978 0
19 29597648 0
8 35091162 0
19 24178213 0
2 57369688 0
22 42952068 0
8 21480452 0
11 83349675 0
1 152858576 0
23 154456735 0
10 131503389 0
12 15998131 0
9 24903 0
18 60916052 0
23 111482257 0
19 54590591 0
7 96273371 0
7 127716362 0
7 51457091 0
3 24895045 0
16 86047931 0
4 9332412 0
2 133711409 0
11 116061800 0
4 88599743 0
10 50589284 0
8 122595465 0
2 155561782 0
19 32150405 0
5 38556785 0
4 144523679 0
14 106826845 0
15 24667304 0
18 42374333 0
21 32701738 0
10 118739532 0
13 61331095 0
8 143680661 0
8 7586060 0
19 55331897 0
20 22565225 0
4 152391021 0
19 54577282 0
17 28952553 0
3 188188448 0
4 84290421 0
18 63510552 0
21 18146695 0
23 45366392 0
20 44703786 0
6 137245639 0
23 139858679 0
19 5923626 0
8 128950318 0
12 5037173 0
12 80240162 0
2 166483171 0
11 73022792 0
6 79559232 0
17 19030663 0
16 83815659 0
9 7124849 0
10 29121219 0
12 73712093 0
11 61294301 0
9 37037525 0
19 55687146 0
5 475323 0
6 51486103 0
20 62693578 0
11 71520203 0
7 67036231 0
10 28068921 0
5 31142979 0
13 70681745 0
6 6288163 0
5 111263814 0
17 29743563 0
5 143645971 0
2 40409163 0
16 33574339 0
8 117861252 0
7 153508637 0
5 132206791 0
14 78640897 0
9 12880476 0
2 197078498 0
3 54302350 0
12 65041894 0
5 146257364 0
6 52598195 0
7 148024309 0
7 65112734 0
9 139242570 0
18 77678390 0
2 163364141 0
7 29080053 0
10 79226084 0
17 17338562 0
7 124924284 0
20 48253084 0
17 43902634 0
7 74939609 0
12 40497154 0
1 17742641 0
8 122652307 0
16 32051141 0
16 79826258 0
10 61239358 0
12 21296874 0
15 93167911 0
5 1400953 0
4 116945014 0
14 41513050 0
5 153778952 0
23 26275007 0
8 120220772 0
23 26169964 0
3 124171732 0
5 110978495 0
1 206907175 0
1 3443988 0
13 41032891 0
7 145160421 0
4 178827220 0
9 90415703 0
19 52505419 0
16 66555759 0
3 21643274 0
5 60448758 0
7 155589047 0
7 82957999 0
13 108038644 0
1 214036491 0
15 58745560 0
4 188142618 0
8 122972617 0
22 48814885 0
21 36858070 0
2 97332092 0
2 122231934 0
20 24139976 0
5 176894637 0
18 38008148 0
23 106693924 0
20 59246191 0
7 23221906 0
8 79990339 0
3 63386756 0
7 83231115 0
1 108104301 0
10 31932868 0
13 63349554 0
23 9629618 0
13 22548842 0
15 69161199 0
9 36913057 0
23 135229270 0
15 98631987 0
5 31051495 0
1 212446499 0
6 102370482 0
1 94333337 0
11 93566942 0
12 22161350 0
1 119985801 0
8 68255731 0
13 78544416 0
18 14682211 0
10 129150329 0
4 153327990 0
2 149621322 0
3 195457575 0
3 25053998 0
3 160879619 0
13 114886525 0
15 79931667 0
1 61658047 0
2 2730982 0
7 56896473 0
10 105672344 0
23 52335045 0
2 100938435 0
7 21856231 0
16 88887195 0
1 171245417 0
11 107460801 0
4 61696636 0
20 38676695 0
18 32703703 0
24 3388362 0
15 38776548 0
23 33744870 0
10 105333664 0
23 112894196 0
2 237024379 0
13 70342534 0
15 75994499 0
18 54915078 0
13 92069662 0
8 93005419 0
23 89367543 0
1 32090486 0
1 175493113 0
10 58363080 0
10 1219078 0
5 77835850 0
5 19779895 0
4 74698224 0
20 21779728 0
7 135044648 0
1 94571777 0
1 70040405 0
13 72364175 0
16 4059942 0
1 59280461 0
4 33755800 0
16 7468003 0
3 85816753 0
6 132448759 0
10 108704114 0
2 176931833 0
6 75994296 0
4 79697938 0
8 82719959 0
8 72162626 0
5 121151455 0
10 16563423 0
21 45401286 0
14 98068873 0
7 16057778 0
21 23442570 0
18 56570036 0
12 67311601 0
18 49751398 0
19 33747081 0
12 1893129 0
3 68981483 0
6 156964518 0
3 152120693 0
4 25936685 0
20 20289692 0
23 4021133 0
12 101689378 0
2 11729072 0
10 77969114 0
2 141649843 0
2 16093476 0
3 167941114 0
9 92275353 0
22 17745870 0
1 78958278 0
4 110992820 0
5 111658279 0
11 28721645 0
6 56427059 0
1 4671881 0
2 150382888 0
14 38680924 0
21 23217124 0
2 41920481 0
23 9001265 0
7 105754520 0
13 77421080 0
9 119562783 0
4 131563701 0
12 11889750 0
3 116521392 0
6 49494444 0
7 76621611 0
8 77570311 0
3 152664470 0
4 41756121 0
4 166791557 0
16 68895146 0
3 74553069 0
10 129181878 0
2 39608976 0
9 43009930 0
3 131174763 0
4 178418971 0
1 185259830 0
13 50388814 0
7 120135021 0
1 7046711 0
4 100570938 0
5 175079449 0
9 128788876 0
12 20848250 0
8 55182945 0
6 97815735 0
1 79727225 0
6 6772713 0
12 124115671 0
7 39500308 0
13 96884360 0
2 97035964 0
9 7814386 0
20 13954288 0
2 152843334 0
7 120463949 0
1 34054430 0
10 49893341 0
17 27901094 0
4 141074618 0
23 71468085 0
19 53784712 0
14 63175121 0
2 47381976 0
4 58946487 0
8 63516763 0
23 49431533 0
15 89300552 0
6 89259196 0
3 17980817 0
6 168084188 0
13 100060448 0
2 96278923 0
13 37200428 0
14 94760427 0
19 44235758 0
3 148455143 0
13 52908456 0
12 15956945 0
23 108585918 0
12 59730068 0
4 63194869 0
6 150284143 0
12 129248087 0
12 103378902 0
1 208935017 0
2 4114786 0
16 67394722 0
16 54633334 0
2 2125834 0
2 156526994 0
12 120180532 0
16 12447497 0
12 98127152 0
3 35052247 0
23 147583065 0
16 32705870 0
7 38618955 0
15 52029618 0
10 110213574 0
6 29894162 0
12 126664112 0
22 47148295 0
19 47228749 0
20 21020022 0
17 50285076 0
12 125770339 0
8 35093078 0
19 16980245 0
11 104057280 0
23 38436125 0
2 165804501 0
22 21832656 0
3 37494402 0
1 202277988 0
4 85704139 0
1 233749756 0
16 19283650 0
10 18241858 0
10 4225815 0
4 59999195 0
5 153175167 0
20 60948509 0
12 21631198 0
4 69383206 0
10 56513548 0
12 69651558 0
8 35279674 0
15 54362905 0
4 105850638 0
23 124906302 0
3 6739376 0
2 45260834 0
8 69413378 0
11 44469244 0
5 44207324 0
11 12215619 0
19 3028578 0
12 109046699 0
16 52768640 0
18 70534826 0
13 90658330 0
10 76588140 0
8 72468679 0
3 108752336 0
16 30387170 0
24 26874118 0
4 45229917 0
16 46941140 0
13 108368626 0
3 57568370 0
2 158642197 0
9 40909463 0
5 140676394 0
14 98070986 0
3 169477573 0
11 68964151 0
3 46009037 0
9 119495773 0
1 169884210 0
4 64238592 0
10 95809865 0
6 122621665 0
6 46826336 0
1 146014101 0
6 150773121 0
16 71674621 0
16 89155689 0
16 75268791 0
10 65606107 0
4 172459852 0
10 68427694 0
9 25678064 0
4 165840030 0
15 35800246 0
7 105279035 0
14 43643076 0
11 60703694 0
6 43760712 0
15 28466689 0
1 173991218 0
23 130465617 0
24 14596862 0
13 74049097 0
2 52614284 0
6 5734463 0
22 19591794 0
12 128061708 0
8 114058885 0
3 191412381 0
23 140703146 0
8 22864397 0
2 47905505 0
7 83379095 0
10 66814271 0
11 83319986 0
17 9604453 0
12 74564956 0
19 14572656 0
5 153100534 0
4 18962872 0
18 72118934 0
4 12959640 0
24 25365601 0
14 81800521 0
1 147932301 0
3 118789891 0
5 14247024 0
8 101322454 0
3 193733170 0
5 98169943 0
23 149641719 0
11 128535832 0
4 28955699 0
12 55645129 0
24 9969073 0
2 209831925 0
11 20178675 0
10 395394 0
4 167726704 0
3 149778052 0
5 42812244 0
1 164846147 0
17 37354077 0
6 132475840 0
17 11360028 0
18 26262524 0
17 46830517 0
3 52545727 0
1 13370953 0
11 132280590 0
11 30926588 0
2 132420771 0
21 39258675 0
22 28808336 0
23 49950299 0
18 54720684 0
8 12293794 0
2 60724224 0
23 153849469 0
15 82350361 0
10 111628165 0
17 79090715 0
19 59057367 0
6 132022201 0
2 87447154 0
15 69113574 0
9 10359781 0
1 2984848 0
4 27026638 0
17 69901804 0
11 56214662 0
24 14314472 0
13 90366534 0
23 6474935 0
9 74997143 0
1 185931377 0
3 62099339 0
12 75589674 0
1 5560664 0
5 27230779 0
3 185645164 0
9 127004476 0
14 38679094 0
7 65018855 0
21 35709755 0
18 39711504 0
6 36737460 0
6 85369307 0
6 84957501 0
20 32380849 0
3 37613591 0
13 44671547 0
14 89629118 0
1 20672181 0
17 26203907 0
16 14396955 0
23 4680342 0
18 62501329 0
13 55004969 0
1 216823212 0
14 69074787 0
2 46383351 0
24 3497197 0
14 76827403 0
11 114022233 0
20 62636883 0
1 31214189 0
3 27525432 0
2 75743065 0
17 75375386 0
8 132106160 0
4 96761250 0
10 61009547 0
12 38493249 0
9 16771237 0
24 4884262 0
16 78464484 0
20 50148106 0
3 98462290 0
3 153829365 0
1 110194626 0
2 151882547 0
6 150871759 0
11 133703304 0
14 56013435 0
7 122540799 0
2 74592319 0
3 118732334 0
15 53186500 0
5 25262186 0
18 39247362 0
9 120177380 0
7 129096517 0
10 134558883 0
16 82602201 0
2 219848884 0
3 112797746 0
23 304400 0
23 65176435 0
13 24608808 0
5 79445883 0
16 13672435 0
6 69118721 0
11 15157115 0
8 65284928 0
16 73444602 0
11 73715451 0
3 40299693 0
10 128987417 0
12 89894395 0
22 36715875 0
6 78345898 0
6 133753911 0
4 182465686 0
2 10918668 0
12 53185021 0
1 149811953 0
22 23809442 0
19 50304144 0
9 8934328 0
6 166250111 0
4 87908471 0
16 21546732 0
2 186780746 0
22 28664297 0
13 85979529 0
3 71219184 0
2 90414848 0
15 33010218 0
8 84528253 0
7 95250474 0
16 16500083 0
15 63640031 0
4 135873771 0
10 16581387 0
1 204284075 0
7 33810621 0
3 115529575 0
9 28148426 0
6 152226304 0
2 121239511 0
14 55389959 0
3 105787481 0
1 8566297 0
20 59218932 0
2 181941078 0
5 86251859 0
3 178397516 0
5 167023969 0
2 223536490 0
8 74429029 0
2 79549408 0
4 119159621 0
11 31115526 0
12 97819472 0
9 121028016 0
1 86439404 0
13 89803605 0
9 125703344 0
8 35126815 0
22 28830523 0
10 33382432 0
4 61968843 0
9 2462176 0
5 134572737 0
8 97073059 0
8 81213302 0
2 38263334 0
1 113843626 0
11 81310314 0
4 158104963 0
14 66385569 0
12 109305918 0
4 182467316 0
3 87167743 0
21 30153146 0
7 2025428 0
17 77088593 0
7 9994768 0
13 96330176 0
24 2452050 0
2 6221409 0
7 109660572 0
12 122732932 0
2 16946813 0
23 135287950 0
21 26754308 0
1 143914244 0
8 99309492 0
2 42993411 0
2 172450256 0
5 13690155 0
14 23990418 0
7 52504221 0
14 33065301 0
2 233217775 0
21 31424897 0
7 67936041 0
6 16326640 0
12 20677763 0
18 21521264 0
9 134164648 0
2 16197854 0
10 87829758 0
20 3176073 0
16 24391313 0
9 9612439 0
1 226751041 0
14 88194356 0
10 78995239 0
15 94768515 0
7 44070404 0
1 20476634 0
5 122103392 0
11 55048142 0
10 42737331 0
2 170054284 0
9 74784891 0
9 120688182 0
13 99661705 0
4 8604652 0
12 62584897 0
4 87876200 0
8 6424050 0
1 215821259 0
11 83963945 0
13 55390941 0
2 176432500 0
22 49703112 0
18 75689019 0
8 48625664 0
5 40959769 0
11 123564693 0
2 234337135 0
5 28927856 0
16 15227351 0
2 37494075 0
2 199160500 0
11 18391335 0
6 158329947 0
11 42075667 0
5 2542362 0
8 61906324 0
18 71357140 0
17 66230063 0
12 9392469 0
23 153679863 0
6 3654948 0
11 99564256 0
3 128561680 0
18 21767878 0
10 11937023 0
19 52355332 0
11 39043616 0
15 88800558 0
13 53774391 0
2 149403340 0
16 84213352 0
2 50664471 0
21 22064521 0
7 32395655 0
8 37555555 0
1 242175338 0
17 8702377 0
6 127797322 0
5 165075679 0
2 5504647 0
16 10052579 0
8 106424752 0
11 17775498 0
13 110434814 0
18 13268182 0
15 25773606 0
5 111807791 0
7 153962789 0
6 7806372 0
9 18891784 0
17 34456177 0
8 12282806 0
16 67682264 0
15 43726378 0
6 48036669 0
23 492081 0
12 95704559 0
11 114930904 0
24 7593348 0
13 70954027 0
9 98013426 0
12 22889587 0
2 28674782 0
17 6450870 0
7 143915667 0
2 173734830 0
18 6920771 0
13 54969809 0
9 72577631 0
15 102365865 0
6 28093056 0
2 58686871 0
1 175801120 0
3 149096643 0
2 242869289 0
9 9938100 0
24 21835289 0
2 89577778 0
23 17501088 0
4 142298772 0
23 96285582 0
6 31949837 0
14 105236249 0
12 354170 0
22 49884694 0
23 2902248 0
4 15533999 0
11 11274156 0
5 150527420 0
1 55514177 0
23 91034551 0
3 2392096 0
2 83029136 0
8 108393729 0
8 40712207 0
3 34045285 0
3 105082161 0
8 10382223 0
11 126970802 0
3 54987920 0
3 69369857 0
10 51748537 0
11 117098628 0
15 45813928 0
2 194251902 0
8 61834685 0
11 57958301 0
14 101269308 0
5 95863501 0
23 120793100 0
12 111750018 0
3 29341050 0
8 57979382 0
1 9650838 0
15 58060940 0
4 8647788 0
18 77700989 0
3 134829892 0
6 27472032 0
20 4228882 0
15 82764475 0
1 57292603 0
2 58108255 0
7 56522605 0
11 113141199 0
4 132676945 0
2 64853666 0
7 148411757 0
6 114828752 0
1 113934413 0
5 40712931 0
12 104282285 0
7 103378558 0
1 87018237 0
8 128806633 0
16 18348700 0
15 20989367 0
1 25856442 0
1 36555953 0
11 89197858 0
4 148985174 0
5 661901 0
4 160349421 0
5 161226666 0
8 55165977 0
8 116680659 0
2 72018476 0
2 182723144 0
8 144260360 0
8 122652156 0
20 6742265 0
5 31700460 0
15 99429929 0
11 130947161 0
18 30600705 0
5 169486425 0
13 110533541 0
7 44255753 0
1 100019129 0
20 10666440 0
8 112922462 0
2 128947470 0
15 36984356 0
5 140236877 0
7 54729297 0
5 85548785 0
11 4089858 0
11 32460677 0
5 42904547 0
8 135512140 0
9 106951468 0
3 119134129 0
2 218804322 0
22 25601242 0
9 43010685 0
23 21195528 0
12 46244907 0
10 135021006 0
12 112819975 0
11 126704782 0
7 152701376 0
23 120084996 0
11 37021388 0
9 118693195 0
3 60306016 0
9 112295841 0
8 1539960 0
24 10034301 0
11 90016626 0
18 75961237 0
19 11224315 0
20 32489851 0
2 20081206 0
7 56224586 0
18 73704090 0
12 9778337 0
16 63359346 0
2 106614174 0
6 10077164 0
9 117175816 0
9 111310194 0
8 126834356 0
12 119563236 0
16 15844191 0
19 56888530 0
14 47398144 0
23 14914384 0
15 51667918 0
13 26941312 0
2 28674784 0
4 96706666 0
11 97762279 0
6 8874961 0
6 1940127 0
23 69719265 0
15 92727821 0
2 218088801 0
6 109824635 0
5 43275794 0
7 61772709 0
23 70935160 0
10 84296513 0
9 29183397 0
2 206570672 0
9 76905252 0
11 95323616 0
12 109659096 0
15 85659630 0
2 234378523 0
5 38396951 0
12 119160297 0
5 159519711 0
1 90992812 0
4 124450782 0
9 109148938 0
8 3265494 0
2 51329845 0
3 67630969 0
6 147995396 0
1 25046665 0
7 137857051 0
5 154777946 0
2 240687226 0
13 73080153 0
14 48277422 0
6 5605482 0
15 52122400 0
16 67335713 0
8 107458224 0
8 112795987 0
6 1714960 0
19 32505122 0
14 56589984 0
7 35535079 0
9 20679877 0
3 86010643 0
15 96389000 0
20 589385 0
4 24063097 0
9 140909456 0
1 37287720 0
6 124020628 0
2 149804932 0
15 69662124 0
13 101171661 0
10 45685250 0
1 240454668 0
9 11618379 0
10 102743294 0
11 39595105 0
3 62077163 0
8 145296700 0
10 16018040 0
8 10077669 0
16 1790460 0
10 106401123 0
2 240437457 0
9 138602146 0
7 104209078 0
4 91442688 0
11 27048057 0
8 113181714 0
1 31514262 0
3 49882536 0
7 37053737 0
1 8263991 0
17 18023126 0
2 194169230 0
4 190543704 0
7 28142651 0
18 40408950 0
12 130876799 0
16 30000117 0
5 118627730 0
10 10921255 0
3 94657109 0
2 222464919 0
23 63614614 0
23 110031508 0
1 195072081 0
2 131022285 0
2 100545182 0
9 17523105 0
3 160037666 0
5 3354852 0
8 121106114 0
7 85608583 0
1 147995124 0
1 22364706 0
5 144356696 0
14 50863494 0
1 91487797 0
19 23515309 0
6 141378223 0
13 99844444 0
1 167724474 0
17 63515892 0
16 64326300 0
5 178684993 0
23 43523752 0
23 101463150 0
15 42264201 0
15 55963530 0
1 75584658 0
9 130401940 0
17 12908443 0
15 86556952 0
1 930999 0
23 30233134 0
2 159506181 0
1 101222773 0
8 41137979 0
22 22678559 0
15 26825017 0
7 132390263 0
18 76158231 0
7 44430397 0
17 58041983 0
13 68790554 0
2 188316024 0
5 105115288 0
4 141879610 0
4 34019307 0
3 178520245 0
18 48761199 0
2 169587672 0
23 151849697 0
7 78588044 0
22 23430457 0
4 151946170 0
6 114319931 0
14 86059464 0
4 97707953 0
23 4380272 0
5 113874189 0
8 21767890 0
9 16214866 0
9 77116595 0
7 74202287 0
23 23033881 0
5 136710617 0
14 79892567 0
23 11157522 0
3 40226592 0
3 56273786 0
1 99066439 0
9 41426 0
1 13214538 0
3 143071017 0
15 28880415 0
4 80832117 0
23 65273554 0
2 236627621 0
20 34257463 0
3 151442951 0
24 24302151 0
9 13000256 0
21 20999303 0
1 226777876 0
4 144619337 0
12 133325621 0
8 93623450 0
9 136836627 0
7 71619476 0
3 156737218 0
2 87824246 0
8 12489902 0
11 88799199 0
15 35840816 0
2 241657237 0
7 151494336 0
8 110552121 0
3 43839343 0
5 4264056 0
15 89688833 0
8 132036414 0
13 84927656 0
8 87235275 0
3 85008691 0
1 152956218 0
1 188808148 0
19 50621221 0
3 25270373 0
1 199895429 0
2 160030982 0
6 113581912 0
6 28398535 0
11 46893929 0
5 145069365 0
23 45240855 0
13 95254109 0
2 226447499 0
13 19239867 0
23 15525295 0
1 230472574 0
8 78523262 0
11 97277855 0
12 101925519 0
12 132209452 0
3 126629248 0
5 162887827 0
4 106817107 0
2 107504081 0
10 110409909 0
10 121046407 0
20 9676427 0
2 7410183 0
2 190445590 0
11 66040889 0
16 34341060 0
22 40083617 0
8 87722521 0
13 77532066 0
2 237946043 0
4 4861662 0
22 21127826 0
15 34331440 0
7 124118103 0
23 35938082 0
18 58959821 0
17 80687473 0
12 17510563 0
3 187120629 0
23 11153474 0
3 115700468 0
5 170610378 0
4 60437711 0
23 11231105 0
9 119981284 0
6 4671419 0
3 40927070 0
3 173997185 0
2 241845522 0
9 138626913 0
5 8187746 0
1 5532169 0
18 8181427 0
24 7428352 0
4 20873202 0
7 37401988 0
6 165656676 0
1 208087980 0
3 23027722 0
13 27407564 0
6 70797766 0
5 38142128 0
15 35384865 0
3 75428338 0
2 59142755 0
14 19507817 0
15 52197804 0
12 109210873 0
3 37787620 0
3 7332945 0
23 143846703 0
4 29923856 0
4 72130931 0
2 20633243 0
5 163045186 0
20 1471884 0
5 22809067 0
3 48192520 0
1 164962667 0
17 57354873 0
22 46765654 0
2 198029289 0
3 181921963 0
8 42028501 0
11 55234582 0
9 70143671 0
14 19603858 0
5 55159629 0
6 4487486 0
4 190902813 0
3 31979897 0
1 116670954 0
15 73918049 0
7 75047948 0
7 16626505 0
3 164906676 0
4 112320799 0
3 73657754 0
20 33292058 0
11 131655634 0
12 52683754 0
16 51414618 0
2 242816858 0
9 133333874 0
24 24536613 0
5 162176846 0
14 19933834 0
8 61300377 0
4 162973481 0
19 23185589 0
6 17115924 0
8 139206568 0
18 12102950 0
3 131762110 0
2 240333587 0
16 69995709 0
2 103756369 0
5 19323726 0
14 37465372 0
12 26166225 0
1 36849378 0
24 15872781 0
16 1722224 0
9 36327310 0
5 128707221 0
3 122939666 0
12 43965966 0
2 160647981 0
18 1357985 0
2 36583472 0
9 8489375 0
2 88397899 0
3 163921962 0
14 21327957 0
3 42577620 0
8 11706182 0
3 36517940 0
10 97009046 0
1 232776903 0
8 4002014 0
5 99871345 0
12 15283189 0
6 30893699 0
21 22863575 0
7 25567750 0
8 25884917 0
1 216739389 0
5 82737788 0
7 93091805 0
12 120224022 0
7 88465439 0
1 171850887 0
15 23263262 0
24 16873427 0
6 152435455 0
7 69423648 0
4 169418951 0
4 182566500 0
9 36219280 0
9 134051078 0
4 187090144 0
20 51810297 0
13 113313347 0
4 167765216 0
23 8698615 0
4 106202499 0
3 13120948 0
3 196575927 0
4 3973404 0
4 39772217 0
3 18204773 0
1 174576616 0
11 49078845 0
2 47793483 0
22 25591445 0
17 2921407 0
23 88483179 0
5 94530808 0
6 168901275 0
1 226567678 0
12 91336860 0
6 11164298 0
23 102001245 0
8 51460189 0
14 58205904 0
2 106388224 0
13 47704814 0
4 19207756 0
4 144257540 0
23 109563122 0
6 143376914 0
23 147723736 0
7 78982529 0
10 126282361 0
5 131991599 0
